shape_id,shape_pt_lat,shape_pt_lon,shape_pt_sequence
shape_yurito_line,35.1915357,136.9374252,1
shape_yurito_line,35.1917319,136.9374272,2
shape_yurito_line,35.1919151,136.9374286,3
shape_yurito_line,35.1920033,136.9374399,4
shape_yurito_line,35.1920844,136.9374736,5
shape_yurito_line,35.1921581,136.9375333,6
shape_yurito_line,35.1922218,136.9376163,7
shape_yurito_line,35.1922660,136.9377279,8
shape_yurito_line,35.1922787,136.9378302,9
shape_yurito_line,35.1922714,136.9379190,10
shape_yurito_line,35.1922307,136.9380959,11
shape_yurito_line,35.1921145,136.9386349,12
shape_yurito_line,35.1918782,136.9397735,13
shape_yurito_line,35.1914788,136.9416494,14
shape_yurito_line,35.1911899,136.9428843,15
shape_yurito_line,35.1908779,136.9444889,16
shape_yurito_line,35.1902762,136.9473695,17
shape_yurito_line,35.1902378,136.9475525,18
shape_yurito_line,35.1901945,136.9477572,19
shape_yurito_line,35.1896198,136.9505840,20
shape_yurito_line,35.1892590,136.9523163,21
shape_yurito_line,35.1888783,136.9540623,22
shape_yurito_line,35.1888352,136.9542601,23
shape_yurito_line,35.1888057,136.9544412,24
shape_yurito_line,35.1887857,136.9545643,25
shape_yurito_line,35.1887796,136.9547279,26
shape_yurito_line,35.1887893,136.9548606,27
shape_yurito_line,35.1888036,136.9549297,28
shape_yurito_line,35.1888209,136.9549931,29
shape_yurito_line,35.1888498,136.9550697,30
shape_yurito_line,35.1889050,136.9551476,31
shape_yurito_line,35.1889585,136.9552069,32
shape_yurito_line,35.1890079,136.9552522,33
shape_yurito_line,35.1890956,136.9553077,34
shape_yurito_line,35.1891678,136.9553429,35
shape_yurito_line,35.1892429,136.9553651,36
shape_yurito_line,35.1894152,136.9554195,37
shape_yurito_line,35.1899040,136.9555717,38
shape_yurito_line,35.1905375,136.9557715,39
shape_yurito_line,35.1907845,136.9558541,40
shape_yurito_line,35.1909579,136.9559247,41
shape_yurito_line,35.1911447,136.9560146,42
shape_yurito_line,35.1913574,136.9561245,43
shape_yurito_line,35.1916464,136.9562681,44
shape_yurito_line,35.1917477,136.9563213,45
shape_yurito_line,35.1918661,136.9563625,46
shape_yurito_line,35.1921418,136.9564485,47
shape_yurito_line,35.1925313,136.9565516,48
shape_yurito_line,35.1931780,136.9566952,49
shape_yurito_line,35.1934021,136.9567271,50
shape_yurito_line,35.1935898,136.9567497,51
shape_yurito_line,35.1938239,136.9567750,52
shape_yurito_line,35.1940688,136.9567950,53
shape_yurito_line,35.1942406,136.9568016,54
shape_yurito_line,35.1944559,136.9568017,55
shape_yurito_line,35.1947204,136.9568032,56
shape_yurito_line,35.1949355,136.9567872,57
shape_yurito_line,35.1952747,136.9567614,58
shape_yurito_line,35.1956512,136.9567302,59
shape_yurito_line,35.1961107,136.9566846,60
shape_yurito_line,35.1967933,136.9566206,61
shape_yurito_line,35.1971151,136.9565800,62
shape_yurito_line,35.1973004,136.9565521,63
shape_yurito_line,35.1975197,136.9565067,64
shape_yurito_line,35.1977276,136.9564648,65
shape_yurito_line,35.1981655,136.9563421,66
shape_yurito_line,35.1994552,136.9559717,67
shape_yurito_line,35.2000743,136.9558009,68
shape_yurito_line,35.2003682,136.9557377,69
shape_yurito_line,35.2005852,136.9557347,70
shape_yurito_line,35.2008012,136.9557517,71
shape_yurito_line,35.2009312,136.9557727,72
shape_yurito_line,35.2010863,136.9558109,73
shape_yurito_line,35.2012847,136.9558793,74
shape_yurito_line,35.2014529,136.9559471,75
shape_yurito_line,35.2016238,136.9560396,76
shape_yurito_line,35.2019816,136.9562887,77
shape_yurito_line,35.2025674,136.9567363,78
shape_yurito_line,35.2028259,136.9569401,79
shape_yurito_line,35.2040590,136.9578731,80
shape_yurito_line,35.2049354,136.9585294,81
shape_yurito_line,35.2053770,136.9588646,82
shape_yurito_line,35.2058520,136.9592234,83
shape_yurito_line,35.2060044,136.9593206,84
shape_yurito_line,35.2061474,136.9593963,85
shape_yurito_line,35.2063249,136.9594735,86
shape_yurito_line,35.2065506,136.9595553,87
shape_yurito_line,35.2072075,136.9597786,88
shape_yurito_line,35.2076508,136.9599261,89
shape_yurito_line,35.2079855,136.9600595,90
shape_yurito_line,35.2081362,136.9601427,91
shape_yurito_line,35.2082929,136.9602339,92
shape_yurito_line,35.2084008,136.9603063,93
shape_yurito_line,35.2086024,136.9604639,94
shape_yurito_line,35.2090763,136.9608986,95
shape_yurito_line,35.2093574,136.9611580,96
shape_yurito_line,35.2103086,136.9620310,97
shape_yurito_line,35.2105211,136.9622295,98
shape_yurito_line,35.2107956,136.9624869,99
shape_yurito_line,35.2113708,136.9629956,100
shape_yurito_line,35.2116470,136.9632336,101
shape_yurito_line,35.2117986,136.9633602,102
shape_yurito_line,35.2119472,136.9634700,103
shape_yurito_line,35.2122134,136.9636477,104
shape_yurito_line,35.2125406,136.9638321,105
shape_yurito_line,35.2128462,136.9640017,106
shape_yurito_line,35.2129930,136.9641030,107
shape_yurito_line,35.2131147,136.9642190,108
shape_yurito_line,35.2131773,136.9643010,109
shape_yurito_line,35.2132393,136.9644007,110
shape_yurito_line,35.2132994,136.9645428,111
shape_yurito_line,35.2133470,136.9647086,112
shape_yurito_line,35.2135667,136.9657175,113
shape_yurito_line,35.2137625,136.9666198,114
shape_yurito_line,35.2139181,136.9673415,115
shape_yurito_line,35.2142197,136.9687183,116
shape_yurito_line,35.2143336,136.9692321,117
shape_yurito_line,35.2143687,136.9693970,118
shape_yurito_line,35.2146246,136.9705819,119
shape_yurito_line,35.2146629,136.9707783,120
shape_yurito_line,35.2147287,136.9712475,121
shape_yurito_line,35.2149987,136.9736198,122
shape_yurito_line,35.2151775,136.9751378,123
shape_yurito_line,35.2152797,136.9760305,124
shape_yurito_line,35.2153448,136.9765337,125
shape_yurito_line,35.2153977,136.9768402,126
shape_yurito_line,35.2154878,136.9772410,127
shape_yurito_line,35.2155608,136.9774902,128
shape_yurito_line,35.2156161,136.9776676,129
shape_yurito_line,35.2157913,136.9781070,130
shape_yurito_line,35.2158779,136.9783035,131
shape_yurito_line,35.2159725,136.9784759,132
shape_yurito_line,35.2161584,136.9788124,133
shape_yurito_line,35.2165214,136.9794974,134
shape_yurito_line,35.2172983,136.9809237,135
shape_yurito_line,35.2175000,136.9812868,136
shape_yurito_line,35.2176624,136.9816334,137
shape_yurito_line,35.2178381,136.9819935,138
shape_yurito_line,35.2179054,136.9820914,139
shape_yurito_line,35.2179843,136.9821871,140
shape_yurito_line,35.2180865,136.9822866,141
shape_yurito_line,35.2182790,136.9824542,142
shape_yurito_line,35.2184424,136.9826029,143
shape_yurito_line,35.2187704,136.9828875,144
shape_yurito_line,35.2189406,136.9830498,145
shape_yurito_line,35.2190564,136.9831609,146
shape_yurito_line,35.2191022,136.9832246,147
shape_yurito_line,35.2193547,136.9836376,148
shape_yurito_line,35.2194319,136.9837274,149
shape_yurito_line,35.2195136,136.9837797,150
shape_yurito_line,35.2198143,136.9839474,151
shape_yurito_line,35.2198773,136.9839762,152
shape_yurito_line,35.2199092,136.9839797,153
shape_yurito_line,35.2199353,136.9839749,154
shape_yurito_line,35.2199624,136.9839576,155
shape_yurito_line,35.2199825,136.9839334,156
shape_yurito_line,35.2199953,136.9838939,157
shape_yurito_line,35.2199968,136.9838582,158
shape_yurito_line,35.2199892,136.9838235,159
shape_yurito_line,35.2199682,136.9837958,160
shape_yurito_line,35.2199377,136.9837799,161
shape_yurito_line,35.2199031,136.9837764,162
shape_yurito_line,35.2198444,136.9837727,163
shape_yurito_line,35.2198145,136.9837625,164
shape_yurito_line,35.2197956,136.9837484,165
shape_yurito_line,35.2197796,136.9837271,166
shape_yurito_line,35.2197709,136.9837041,167
shape_yurito_line,35.2197667,136.9836785,168
shape_yurito_line,35.2197663,136.9836505,169
shape_yurito_line,35.2197694,136.9836252,170
shape_yurito_line,35.2197784,136.9836000,171
shape_yurito_line,35.2198458,136.9834421,172
shape_yurito_line,35.2198557,136.9834221,173
shape_yurito_line,35.2198902,136.9833478,174
shape_yurito_line,35.2199607,136.9832656,175
shape_yurito_line,35.2199888,136.9832882,176
shape_yurito_line,35.2201285,136.9833993,177
shape_yurito_line,35.2202771,136.9835353,178
shape_yurito_line,35.2204618,136.9837356,179
shape_yurito_line,35.2205522,136.9838408,180
shape_yurito_line,35.2206267,136.9839445,181
shape_yurito_line,35.2207375,136.9840988,182
shape_yurito_line,35.2209719,136.9844238,183
shape_yurito_line,35.2211603,136.9846803,184
shape_yurito_line,35.2213463,136.9849312,185
shape_yurito_line,35.2215277,136.9851807,186
shape_yurito_line,35.2216965,136.9854052,187
shape_yurito_line,35.2218659,136.9856491,188
shape_yurito_line,35.2222001,136.9861199,189
shape_yurito_line,35.2225479,136.9865959,190
shape_yurito_line,35.2226312,136.9867099,191
shape_yurito_line,35.2229057,136.9870888,192
shape_yurito_line,35.2231011,136.9873522,193
shape_yurito_line,35.2232240,136.9875221,194
shape_yurito_line,35.2233724,136.9877201,195
shape_yurito_line,35.2236021,136.9880416,196
shape_yurito_line,35.2236258,136.9880748,197
shape_yurito_line,35.2237302,136.9882416,198
shape_yurito_line,35.2238028,136.9883717,199
shape_yurito_line,35.2238690,136.9885144,200
shape_yurito_line,35.2239404,136.9886734,201
shape_yurito_line,35.2239919,136.9888098,202
shape_yurito_line,35.2240556,136.9889976,203
shape_yurito_line,35.2241123,136.9891629,204
shape_yurito_line,35.2241772,136.9893616,205
shape_yurito_line,35.2242396,136.9895261,206
shape_yurito_line,35.2243065,136.9896945,207
shape_yurito_line,35.2243714,136.9898402,208
shape_yurito_line,35.2244580,136.9900203,209
shape_yurito_line,35.2245338,136.9901613,210
shape_yurito_line,35.2246000,136.9902892,211
shape_yurito_line,35.2249617,136.9908270,212
shape_yurito_line,35.2251877,136.9911021,213
shape_yurito_line,35.2254507,136.9913734,214
shape_yurito_line,35.2258244,136.9916828,215
shape_yurito_line,35.2264713,136.9921240,216
shape_yurito_line,35.2265589,136.9921815,217
shape_yurito_line,35.2266458,136.9922386,218
shape_yurito_line,35.2267485,136.9923126,219
shape_yurito_line,35.2267572,136.9923189,220
shape_yurito_line,35.2272449,136.9926470,221
shape_yurito_line,35.2275264,136.9928731,222
shape_yurito_line,35.2277047,136.9930710,223
shape_yurito_line,35.2279237,136.9933984,224
shape_yurito_line,35.2281121,136.9938255,225
shape_yurito_line,35.2282331,136.9941420,226
shape_yurito_line,35.2283273,136.9943992,227
shape_yurito_line,35.2284528,136.9946806,228
shape_yurito_line,35.2285578,136.9948794,229
shape_yurito_line,35.2286915,136.9950797,230
shape_yurito_line,35.2288526,136.9952792,231
shape_yurito_line,35.2290691,136.9955014,232
shape_yurito_line,35.2291665,136.9955840,233
shape_yurito_line,35.2298828,136.9960883,234
shape_yurito_line,35.2304030,136.9964546,235
shape_yurito_line,35.2307066,136.9966792,236
shape_yurito_line,35.2308531,136.9967820,237
shape_yurito_line,35.2310753,136.9969418,238
shape_yurito_line,35.2313497,136.9971440,239
shape_yurito_line,35.2314255,136.9971998,240
shape_yurito_line,35.2315547,136.9973066,241
shape_yurito_line,35.2317744,136.9975123,242
shape_yurito_line,35.2319749,136.9977095,243
shape_yurito_line,35.2323620,136.9981055,244
shape_yurito_line,35.2330713,136.9988553,245
shape_yurito_line,35.2335400,136.9993498,246
shape_yurito_line,35.2336188,136.9994329,247
shape_yurito_line,35.2343968,137.0002131,248
shape_yurito_line,35.2345330,137.0003597,249
shape_yurito_line,35.2348825,137.0007221,250
shape_yurito_line,35.2350086,137.0008640,251
shape_yurito_line,35.2350646,137.0009240,252
shape_yurito_line,35.2353664,137.0012412,253
shape_yurito_line,35.2355574,137.0014509,254
shape_yurito_line,35.2356745,137.0016013,255
shape_yurito_line,35.2359266,137.0019762,256
shape_yurito_line,35.2359635,137.0020462,257
shape_yurito_line,35.2359941,137.0021041,258
shape_yurito_line,35.2360495,137.0022116,259
shape_yurito_line,35.2362010,137.0025600,260
shape_yurito_line,35.2362813,137.0028241,261
shape_yurito_line,35.2364461,137.0033644,262
shape_yurito_line,35.2364710,137.0034455,263
shape_yurito_line,35.2365510,137.0037406,264
shape_yurito_line,35.2366473,137.0040924,265
shape_yurito_line,35.2367021,137.0042865,266
shape_yurito_line,35.2367492,137.0044525,267
shape_yurito_line,35.2368453,137.0047768,268
shape_yurito_line,35.2369141,137.0050083,269
shape_yurito_line,35.2369644,137.0052156,270
shape_yurito_line,35.2370446,137.0054876,271
shape_yurito_line,35.2372286,137.0061221,272
shape_yurito_line,35.2373521,137.0065500,273
shape_yurito_line,35.2377041,137.0077628,274
shape_yurito_line,35.2378951,137.0083350,275
shape_yurito_line,35.2379608,137.0085036,276
shape_yurito_line,35.2380148,137.0086319,277
shape_yurito_line,35.2380804,137.0087785,278
shape_yurito_line,35.2381568,137.0089336,279
shape_yurito_line,35.2382344,137.0090809,280
shape_yurito_line,35.2383115,137.0092259,281
shape_yurito_line,35.2384108,137.0094075,282
shape_yurito_line,35.2385196,137.0096078,283
shape_yurito_line,35.2386011,137.0097544,284
shape_yurito_line,35.2387074,137.0099438,285
shape_yurito_line,35.2387567,137.0100297,286
shape_yurito_line,35.2388036,137.0101113,287
shape_yurito_line,35.2388666,137.0102322,288
shape_yurito_line,35.2389691,137.0104239,289
shape_yurito_line,35.2391582,137.0107591,290
shape_yurito_line,35.2392314,137.0108939,291
shape_yurito_line,35.2393422,137.0110981,292
shape_yurito_line,35.2394478,137.0112860,293
shape_yurito_line,35.2399227,137.0121324,294
shape_yurito_line,35.2401074,137.0124583,295
shape_yurito_line,35.2405288,137.0131987,296
shape_yurito_line,35.2406421,137.0134131,297
shape_yurito_line,35.2409133,137.0139119,298
shape_yurito_line,35.2412335,137.0144692,299
shape_yurito_line,35.2413315,137.0146431,300
shape_yurito_line,35.2414296,137.0148169,301
shape_yurito_line,35.2415843,137.0150998,302
shape_yurito_line,35.2416441,137.0152105,303
shape_yurito_line,35.2417326,137.0153820,304
shape_yurito_line,35.2418039,137.0155137,305
shape_yurito_line,35.2419325,137.0157249,306
shape_yurito_line,35.2420248,137.0158691,307
shape_yurito_line,35.2421196,137.0159954,308
shape_yurito_line,35.2422368,137.0161443,309
shape_yurito_line,35.2423100,137.0162308,310
shape_yurito_line,35.2424424,137.0163773,311
shape_yurito_line,35.2425277,137.0164623,312
shape_yurito_line,35.2425796,137.0165068,313
shape_yurito_line,35.2426149,137.0165371,314
shape_yurito_line,35.2426191,137.0165402,315
shape_yurito_line,35.2428052,137.0166813,316
shape_yurito_line,35.2428842,137.0167429,317
shape_yurito_line,35.2429421,137.0167889,318
shape_yurito_line,35.2430370,137.0168598,319
shape_yurito_line,35.2431573,137.0169565,320
shape_yurito_line,35.2433145,137.0170757,321
shape_yurito_line,35.2434501,137.0171833,322
shape_yurito_line,35.2436201,137.0173158,323
shape_yurito_line,35.2437519,137.0174296,324
shape_yurito_line,35.2438359,137.0175099,325
shape_yurito_line,35.2439409,137.0176081,326
shape_yurito_line,35.2440415,137.0177102,327
shape_yurito_line,35.2441465,137.0178216,328
shape_yurito_line,35.2442560,137.0179510,329
shape_yurito_line,35.2443547,137.0180664,330
shape_yurito_line,35.2444565,137.0181903,331
shape_yurito_line,35.2445425,137.0183065,332
shape_yurito_line,35.2446539,137.0184662,333
shape_yurito_line,35.2447271,137.0185816,334
shape_yurito_line,35.2448188,137.0187391,335
shape_yurito_line,35.2449104,137.0189035,336
shape_yurito_line,35.2449349,137.0189501,337
shape_yurito_line,35.2450008,137.0190758,338
shape_yurito_line,35.2450645,137.0192020,339
shape_yurito_line,35.2451218,137.0193156,340
shape_yurito_line,35.2452029,137.0194873,341
shape_yurito_line,35.2453612,137.0198045,342
shape_yurito_line,35.2455362,137.0201639,343
shape_yurito_line,35.2457753,137.0206252,344
shape_yurito_line,35.2458672,137.0208145,345
shape_yurito_line,35.2460700,137.0212190,346
shape_yurito_line,35.2462727,137.0216235,347
shape_yurito_line,35.2463591,137.0218046,348
shape_yurito_line,35.2465376,137.0221569,349
shape_yurito_line,35.2468228,137.0227197,350
shape_yurito_line,35.2475927,137.0242401,351
shape_yurito_line,35.2476660,137.0243848,352
shape_yurito_line,35.2477518,137.0245627,353
shape_yurito_line,35.2479469,137.0249672,354
shape_yurito_line,35.2482127,137.0255183,355
shape_yurito_line,35.2484688,137.0260765,356
shape_yurito_line,35.2490058,137.0270327,357
shape_yurito_line,35.2494585,137.0277607,358
shape_yurito_line,35.2507150,137.0297256,359
shape_yurito_line,35.2510046,137.0302087,360
shape_yurito_line,35.2515670,137.0311470,361
shape_yurito_line,35.2523610,137.0324065,362
shape_yurito_line,35.2524229,137.0324880,363
shape_yurito_line,35.2525858,137.0327479,364
shape_yurito_line,35.2526461,137.0328441,365
shape_yurito_line,35.2529115,137.0332755,366
shape_yurito_line,35.2538090,137.0347080,367
shape_yurito_line,35.2538655,137.0348053,368
shape_yurito_line,35.2541391,137.0352352,369
shape_yurito_line,35.2543036,137.0355138,370
shape_yurito_line,35.2544320,137.0357214,371
shape_yurito_line,35.2545199,137.0358636,372
shape_yurito_line,35.2549045,137.0364856,373
shape_yurito_line,35.2551227,137.0368352,374
shape_yurito_line,35.2557736,137.0378321,375
shape_yurito_line,35.2558489,137.0379469,376
shape_yurito_line,35.2558826,137.0380672,377
shape_yurito_line,35.2560997,137.0385079,378
shape_yurito_line,35.2562945,137.0388918,379
shape_yurito_line,35.2563082,137.0389232,380
shape_yurito_line,35.2563716,137.0390890,381
shape_yurito_line,35.2564940,137.0394094,382
shape_yurito_line,35.2567217,137.0400050,383
shape_yurito_line,35.2568269,137.0402803,384
shape_yurito_line,35.2572236,137.0413013,385
shape_yurito_line,35.2573283,137.0415788,386
shape_yurito_line,35.2575773,137.0421927,387
shape_yurito_line,35.2576430,137.0423491,388
shape_yurito_line,35.2578273,137.0428731,389
shape_yurito_line,35.2578951,137.0430595,390
shape_yurito_line,35.2580010,137.0430255,391
shape_yurito_line,35.2580657,137.0430107,392
shape_yurito_line,35.2582528,137.0429905,393
shape_yurito_line,35.2588961,137.0429208,394
shape_yurito_line,35.2599015,137.0428543,395
shape_yurito_line,35.2601202,137.0428326,396
shape_yurito_line,35.2603019,137.0428329,397
shape_yurito_line,35.2604663,137.0428625,398
shape_yurito_line,35.2606117,137.0429172,399
shape_yurito_line,35.2608960,137.0430608,400
shape_yurito_line,35.2613029,137.0432878,401
shape_yurito_line,35.2616667,137.0434346,402
shape_yurito_line,35.2618670,137.0434696,403
shape_yurito_line,35.2623309,137.0434946,404
shape_yurito_line,35.2630973,137.0435311,405
shape_yurito_line,35.2637573,137.0435434,406
shape_yurito_line,35.2637809,137.0435410,407
shape_yurito_line,35.2637920,137.0434880,408
shape_yurito_line,35.2638162,137.0434421,409
shape_yurito_line,35.2638510,137.0434078,410
shape_yurito_line,35.2638929,137.0433889,411
