shape_id,shape_pt_lat,shape_pt_lon,shape_pt_sequence
shape_jr_haruka,34.4360302,135.2434396,1
shape_jr_haruka,34.4365451,135.2441962,2
shape_jr_haruka,34.4366969,135.2444270,3
shape_jr_haruka,34.4368973,135.2446966,4
shape_jr_haruka,34.4371220,135.2449554,5
shape_jr_haruka,34.4373385,135.2451800,6
shape_jr_haruka,34.4376239,135.2454363,7
shape_jr_haruka,34.4378443,135.2456158,8
shape_jr_haruka,34.4380724,135.2458124,9
shape_jr_haruka,34.4383427,135.2459991,10
shape_jr_haruka,34.4387257,135.2462546,11
shape_jr_haruka,34.4390400,135.2464909,12
shape_jr_haruka,34.4395420,135.2468282,13
shape_jr_haruka,34.4397638,135.2469791,14
shape_jr_haruka,34.4402436,135.2473509,15
shape_jr_haruka,34.4405695,135.2476584,16
shape_jr_haruka,34.4407770,135.2478818,17
shape_jr_haruka,34.4409575,135.2480833,18
shape_jr_haruka,34.4411354,135.2482773,19
shape_jr_haruka,34.4412538,135.2484609,20
shape_jr_haruka,34.4415520,135.2488980,21
shape_jr_haruka,34.4417461,135.2492474,22
shape_jr_haruka,34.4419234,135.2496105,23
shape_jr_haruka,34.4420474,135.2499317,24
shape_jr_haruka,34.4422373,135.2504770,25
shape_jr_haruka,34.4423343,135.2508130,26
shape_jr_haruka,34.4424057,135.2511189,27
shape_jr_haruka,34.4424728,135.2514732,28
shape_jr_haruka,34.4425177,135.2518477,29
shape_jr_haruka,34.4425431,135.2521434,30
shape_jr_haruka,34.4426365,135.2534718,31
shape_jr_haruka,34.4427000,135.2545460,32
shape_jr_haruka,34.4427217,135.2551794,33
shape_jr_haruka,34.4427044,135.2557497,34
shape_jr_haruka,34.4426615,135.2562309,35
shape_jr_haruka,34.4425973,135.2567189,36
shape_jr_haruka,34.4424916,135.2572846,37
shape_jr_haruka,34.4423849,135.2577404,38
shape_jr_haruka,34.4422507,135.2581959,39
shape_jr_haruka,34.4421114,135.2586012,40
shape_jr_haruka,34.4420005,135.2588883,41
shape_jr_haruka,34.4419026,135.2591358,42
shape_jr_haruka,34.4416818,135.2596094,43
shape_jr_haruka,34.4415065,135.2599349,44
shape_jr_haruka,34.4413497,135.2602008,45
shape_jr_haruka,34.4411505,135.2605094,46
shape_jr_haruka,34.4409498,135.2608048,47
shape_jr_haruka,34.4407492,135.2610829,48
shape_jr_haruka,34.4405561,135.2613244,49
shape_jr_haruka,34.4403758,135.2615194,50
shape_jr_haruka,34.4402462,135.2616595,51
shape_jr_haruka,34.4400807,135.2618384,52
shape_jr_haruka,34.4378427,135.2640392,53
shape_jr_haruka,34.4360308,135.2658153,54
shape_jr_haruka,34.4351026,135.2668429,55
shape_jr_haruka,34.4343484,135.2677986,56
shape_jr_haruka,34.4327126,135.2699868,57
shape_jr_haruka,34.4198567,135.2870163,58
shape_jr_haruka,34.4185794,135.2887230,59
shape_jr_haruka,34.4171432,135.2906486,60
shape_jr_haruka,34.4152531,135.2932420,61
shape_jr_haruka,34.4149257,135.2937273,62
shape_jr_haruka,34.4145985,135.2942449,63
shape_jr_haruka,34.4142556,135.2947899,64
shape_jr_haruka,34.4139825,135.2952084,65
shape_jr_haruka,34.4135643,135.2958442,66
shape_jr_haruka,34.4129633,135.2966827,67
shape_jr_haruka,34.4128114,135.2968931,68
shape_jr_haruka,34.4126266,135.2971493,69
shape_jr_haruka,34.4122551,135.2976660,70
shape_jr_haruka,34.4114538,135.2987641,71
shape_jr_haruka,34.4107670,135.2996653,72
shape_jr_haruka,34.4100366,135.3006237,73
shape_jr_haruka,34.4098353,135.3008897,74
shape_jr_haruka,34.4090115,135.3020108,75
shape_jr_haruka,34.4083810,135.3028294,76
shape_jr_haruka,34.4073081,135.3043171,77
shape_jr_haruka,34.4069494,135.3048288,78
shape_jr_haruka,34.4065811,135.3053522,79
shape_jr_haruka,34.4059224,135.3062821,80
shape_jr_haruka,34.4049895,135.3075815,81
shape_jr_haruka,34.4037018,135.3092961,82
shape_jr_haruka,34.4033056,135.3097856,83
shape_jr_haruka,34.4030119,135.3101466,84
shape_jr_haruka,34.4025292,135.3106919,85
shape_jr_haruka,34.4018114,135.3114723,86
shape_jr_haruka,34.4012868,135.3120463,87
shape_jr_haruka,34.4007030,135.3126238,88
shape_jr_haruka,34.3998163,135.3134734,89
shape_jr_haruka,34.3992682,135.3139495,90
shape_jr_haruka,34.3984848,135.3146167,91
shape_jr_haruka,34.3981287,135.3149120,92
shape_jr_haruka,34.3975062,135.3153855,93
shape_jr_haruka,34.3967130,135.3159965,94
shape_jr_haruka,34.3962808,135.3163073,95
shape_jr_haruka,34.3958941,135.3165620,96
shape_jr_haruka,34.3952784,135.3169279,97
shape_jr_haruka,34.3943737,135.3174313,98
shape_jr_haruka,34.3936555,135.3178784,99
shape_jr_haruka,34.3925830,135.3186138,100
shape_jr_haruka,34.3915125,135.3194065,101
shape_jr_haruka,34.3896691,135.3207024,102
shape_jr_haruka,34.3892421,135.3210320,103
shape_jr_haruka,34.3889172,135.3213199,104
shape_jr_haruka,34.3886008,135.3216573,105
shape_jr_haruka,34.3883156,135.3220280,106
shape_jr_haruka,34.3881074,135.3223496,107
shape_jr_haruka,34.3878203,135.3228984,108
shape_jr_haruka,34.3876605,135.3232846,109
shape_jr_haruka,34.3875401,135.3236194,110
shape_jr_haruka,34.3874404,135.3239805,111
shape_jr_haruka,34.3873519,135.3243929,112
shape_jr_haruka,34.3872571,135.3250888,113
shape_jr_haruka,34.3871563,135.3259033,114
shape_jr_haruka,34.3871267,135.3261950,115
shape_jr_haruka,34.3871197,135.3264328,116
shape_jr_haruka,34.3871257,135.3267066,117
shape_jr_haruka,34.3871445,135.3269268,118
shape_jr_haruka,34.3872076,135.3273166,119
shape_jr_haruka,34.3872739,135.3275674,120
shape_jr_haruka,34.3873379,135.3277805,121
shape_jr_haruka,34.3874385,135.3280411,122
shape_jr_haruka,34.3875265,135.3282262,123
shape_jr_haruka,34.3876132,135.3283855,124
shape_jr_haruka,34.3877898,135.3286366,125
shape_jr_haruka,34.3879753,135.3288757,126
shape_jr_haruka,34.3882101,135.3291124,127
shape_jr_haruka,34.3884744,135.3293723,128
shape_jr_haruka,34.3886617,135.3295466,129
shape_jr_haruka,34.3888547,135.3297179,130
shape_jr_haruka,34.3890854,135.3299176,131
shape_jr_haruka,34.3892183,135.3300082,132
shape_jr_haruka,34.3893679,135.3301095,133
shape_jr_haruka,34.3897428,135.3304522,134
shape_jr_haruka,34.3899958,135.3306653,135
shape_jr_haruka,34.3901095,135.3307474,136
shape_jr_haruka,34.3901635,135.3307851,137
shape_jr_haruka,34.3903663,135.3308993,138
shape_jr_haruka,34.3904439,135.3309418,139
shape_jr_haruka,34.3909057,135.3312020,140
shape_jr_haruka,34.3912076,135.3313722,141
shape_jr_haruka,34.3919933,135.3317978,142
shape_jr_haruka,34.3921087,135.3318631,143
shape_jr_haruka,34.3923575,135.3320040,144
shape_jr_haruka,34.3932330,135.3325471,145
shape_jr_haruka,34.3936529,135.3327697,146
shape_jr_haruka,34.3940150,135.3329617,147
shape_jr_haruka,34.3941254,135.3330203,148
shape_jr_haruka,34.3947264,135.3333350,149
shape_jr_haruka,34.3948573,135.3334047,150
shape_jr_haruka,34.3957112,135.3338591,151
shape_jr_haruka,34.3964006,135.3342338,152
shape_jr_haruka,34.3975961,135.3348575,153
shape_jr_haruka,34.3986401,135.3354140,154
shape_jr_haruka,34.3998477,135.3360685,155
shape_jr_haruka,34.4002050,135.3362556,156
shape_jr_haruka,34.4005622,135.3364710,157
shape_jr_haruka,34.4010234,135.3367800,158
shape_jr_haruka,34.4012858,135.3369696,159
shape_jr_haruka,34.4015417,135.3371601,160
shape_jr_haruka,34.4017145,135.3373024,161
shape_jr_haruka,34.4023237,135.3378046,162
shape_jr_haruka,34.4029148,135.3383068,163
shape_jr_haruka,34.4037333,135.3389831,164
shape_jr_haruka,34.4043536,135.3395084,165
shape_jr_haruka,34.4044597,135.3395970,166
shape_jr_haruka,34.4045483,135.3396726,167
shape_jr_haruka,34.4049256,135.3399860,168
shape_jr_haruka,34.4050296,135.3400762,169
shape_jr_haruka,34.4055752,135.3405398,170
shape_jr_haruka,34.4057013,135.3406469,171
shape_jr_haruka,34.4059558,135.3408598,172
shape_jr_haruka,34.4061564,135.3410276,173
shape_jr_haruka,34.4063548,135.3412121,174
shape_jr_haruka,34.4070676,135.3417897,175
shape_jr_haruka,34.4072010,135.3418965,176
shape_jr_haruka,34.4075792,135.3422159,177
shape_jr_haruka,34.4077466,135.3423562,178
shape_jr_haruka,34.4079089,135.3424976,179
shape_jr_haruka,34.4083934,135.3429041,180
shape_jr_haruka,34.4102585,135.3444689,181
shape_jr_haruka,34.4114258,135.3454962,182
shape_jr_haruka,34.4124213,135.3463533,183
shape_jr_haruka,34.4129848,135.3468470,184
shape_jr_haruka,34.4142035,135.3479178,185
shape_jr_haruka,34.4152857,135.3488728,186
shape_jr_haruka,34.4165211,135.3499566,187
shape_jr_haruka,34.4171833,135.3505425,188
shape_jr_haruka,34.4186619,135.3518436,189
shape_jr_haruka,34.4187054,135.3518819,190
shape_jr_haruka,34.4197722,135.3528206,191
shape_jr_haruka,34.4198223,135.3528647,192
shape_jr_haruka,34.4201586,135.3531530,193
shape_jr_haruka,34.4207235,135.3536586,194
shape_jr_haruka,34.4213302,135.3541777,195
shape_jr_haruka,34.4219191,135.3546885,196
shape_jr_haruka,34.4223400,135.3550666,197
shape_jr_haruka,34.4228365,135.3554754,198
shape_jr_haruka,34.4231802,135.3557560,199
shape_jr_haruka,34.4234167,135.3559308,200
shape_jr_haruka,34.4237948,135.3562094,201
shape_jr_haruka,34.4251287,135.3571573,202
shape_jr_haruka,34.4254444,135.3573768,203
shape_jr_haruka,34.4263218,135.3580022,204
shape_jr_haruka,34.4275700,135.3589037,205
shape_jr_haruka,34.4278349,135.3590974,206
shape_jr_haruka,34.4278546,135.3591118,207
shape_jr_haruka,34.4278795,135.3591294,208
shape_jr_haruka,34.4285008,135.3595689,209
shape_jr_haruka,34.4291029,135.3600002,210
shape_jr_haruka,34.4292344,135.3600927,211
shape_jr_haruka,34.4293935,135.3602046,212
shape_jr_haruka,34.4295218,135.3602958,213
shape_jr_haruka,34.4300338,135.3606561,214
shape_jr_haruka,34.4301129,135.3607118,215
shape_jr_haruka,34.4303206,135.3608580,216
shape_jr_haruka,34.4306328,135.3610814,217
shape_jr_haruka,34.4309449,135.3613048,218
shape_jr_haruka,34.4310372,135.3613708,219
shape_jr_haruka,34.4313793,135.3616147,220
shape_jr_haruka,34.4316243,135.3618027,221
shape_jr_haruka,34.4319879,135.3621213,222
shape_jr_haruka,34.4322997,135.3624283,223
shape_jr_haruka,34.4324406,135.3625889,224
shape_jr_haruka,34.4328276,135.3630342,225
shape_jr_haruka,34.4339851,135.3645900,226
shape_jr_haruka,34.4340548,135.3646879,227
shape_jr_haruka,34.4343623,135.3651197,228
shape_jr_haruka,34.4344496,135.3652391,229
shape_jr_haruka,34.4349606,135.3659384,230
shape_jr_haruka,34.4350326,135.3660424,231
shape_jr_haruka,34.4352206,135.3662959,232
shape_jr_haruka,34.4352936,135.3664005,233
shape_jr_haruka,34.4357106,135.3669675,234
shape_jr_haruka,34.4377390,135.3697380,235
shape_jr_haruka,34.4390426,135.3714850,236
shape_jr_haruka,34.4395415,135.3721707,237
shape_jr_haruka,34.4397800,135.3725013,238
shape_jr_haruka,34.4408441,135.3739433,239
shape_jr_haruka,34.4415565,135.3749157,240
shape_jr_haruka,34.4416116,135.3749907,241
shape_jr_haruka,34.4416568,135.3750517,242
shape_jr_haruka,34.4434089,135.3774456,243
shape_jr_haruka,34.4436457,135.3777420,244
shape_jr_haruka,34.4438864,135.3780775,245
shape_jr_haruka,34.4441476,135.3784462,246
shape_jr_haruka,34.4451649,135.3798357,247
shape_jr_haruka,34.4451982,135.3798771,248
shape_jr_haruka,34.4458729,135.3808199,249
shape_jr_haruka,34.4462348,135.3812987,250
shape_jr_haruka,34.4476154,135.3831897,251
shape_jr_haruka,34.4480786,135.3838576,252
shape_jr_haruka,34.4485310,135.3845489,253
shape_jr_haruka,34.4494630,135.3859588,254
shape_jr_haruka,34.4504461,135.3874461,255
shape_jr_haruka,34.4526082,135.3906972,256
shape_jr_haruka,34.4542773,135.3931722,257
shape_jr_haruka,34.4545926,135.3936554,258
shape_jr_haruka,34.4546810,135.3937738,259
shape_jr_haruka,34.4547043,135.3938049,260
shape_jr_haruka,34.4548463,135.3939975,261
shape_jr_haruka,34.4554314,135.3947065,262
shape_jr_haruka,34.4555781,135.3948694,263
shape_jr_haruka,34.4556899,135.3949915,264
shape_jr_haruka,34.4558109,135.3951164,265
shape_jr_haruka,34.4560730,135.3953900,266
shape_jr_haruka,34.4561922,135.3955155,267
shape_jr_haruka,34.4567529,135.3960933,268
shape_jr_haruka,34.4568685,135.3962120,269
shape_jr_haruka,34.4574790,135.3968428,270
shape_jr_haruka,34.4583641,135.3977573,271
shape_jr_haruka,34.4586406,135.3980515,272
shape_jr_haruka,34.4591186,135.3985494,273
shape_jr_haruka,34.4600807,135.3995589,274
shape_jr_haruka,34.4604685,135.3999653,275
shape_jr_haruka,34.4608839,135.4004008,276
shape_jr_haruka,34.4619362,135.4014698,277
shape_jr_haruka,34.4629132,135.4024859,278
shape_jr_haruka,34.4629539,135.4025282,279
shape_jr_haruka,34.4629860,135.4025614,280
shape_jr_haruka,34.4643130,135.4039356,281
shape_jr_haruka,34.4644502,135.4040790,282
shape_jr_haruka,34.4648248,135.4044673,283
shape_jr_haruka,34.4660496,135.4057331,284
shape_jr_haruka,34.4660587,135.4057450,285
shape_jr_haruka,34.4660876,135.4057752,286
shape_jr_haruka,34.4665646,135.4062708,287
shape_jr_haruka,34.4668468,135.4065670,288
shape_jr_haruka,34.4669030,135.4066259,289
shape_jr_haruka,34.4704806,135.4103391,290
shape_jr_haruka,34.4708697,135.4107439,291
shape_jr_haruka,34.4719977,135.4119191,292
shape_jr_haruka,34.4724939,135.4124203,293
shape_jr_haruka,34.4728461,135.4127499,294
shape_jr_haruka,34.4737155,135.4134850,295
shape_jr_haruka,34.4742025,135.4138243,296
shape_jr_haruka,34.4742365,135.4138480,297
shape_jr_haruka,34.4742874,135.4138852,298
shape_jr_haruka,34.4754210,135.4147131,299
shape_jr_haruka,34.4755805,135.4148372,300
shape_jr_haruka,34.4756379,135.4148792,301
shape_jr_haruka,34.4760533,135.4151764,302
shape_jr_haruka,34.4764070,135.4154339,303
shape_jr_haruka,34.4772998,135.4160935,304
shape_jr_haruka,34.4775177,135.4162513,305
shape_jr_haruka,34.4778332,135.4164828,306
shape_jr_haruka,34.4778892,135.4165243,307
shape_jr_haruka,34.4781987,135.4167421,308
shape_jr_haruka,34.4782756,135.4168010,309
shape_jr_haruka,34.4802938,135.4182619,310
shape_jr_haruka,34.4819877,135.4194921,311
shape_jr_haruka,34.4823290,135.4197514,312
shape_jr_haruka,34.4824520,135.4198448,313
shape_jr_haruka,34.4836133,135.4206921,314
shape_jr_haruka,34.4848913,135.4216188,315
shape_jr_haruka,34.4858401,135.4223050,316
shape_jr_haruka,34.4862089,135.4225776,317
shape_jr_haruka,34.4862590,135.4226137,318
shape_jr_haruka,34.4863061,135.4226473,319
shape_jr_haruka,34.4864365,135.4227404,320
shape_jr_haruka,34.4867954,135.4230096,321
shape_jr_haruka,34.4878641,135.4237974,322
shape_jr_haruka,34.4879544,135.4238618,323
shape_jr_haruka,34.4881432,135.4239990,324
shape_jr_haruka,34.4891440,135.4247168,325
shape_jr_haruka,34.4891843,135.4247466,326
shape_jr_haruka,34.4895136,135.4249851,327
shape_jr_haruka,34.4900689,135.4253914,328
shape_jr_haruka,34.4906844,135.4258393,329
shape_jr_haruka,34.4913540,135.4263273,330
shape_jr_haruka,34.4913685,135.4263375,331
shape_jr_haruka,34.4913952,135.4263570,332
shape_jr_haruka,34.4924659,135.4271360,333
shape_jr_haruka,34.4939800,135.4282691,334
shape_jr_haruka,34.4946929,135.4287930,335
shape_jr_haruka,34.4959557,135.4297103,336
shape_jr_haruka,34.4970205,135.4304803,337
shape_jr_haruka,34.4974332,135.4307661,338
shape_jr_haruka,34.4975495,135.4308393,339
shape_jr_haruka,34.4979595,135.4311456,340
shape_jr_haruka,34.4989106,135.4318742,341
shape_jr_haruka,34.4991316,135.4320539,342
shape_jr_haruka,34.4994505,135.4323124,343
shape_jr_haruka,34.4998069,135.4326158,344
shape_jr_haruka,34.5015822,135.4340559,345
shape_jr_haruka,34.5018580,135.4342923,346
shape_jr_haruka,34.5027643,135.4350299,347
shape_jr_haruka,34.5040519,135.4360718,348
shape_jr_haruka,34.5056920,135.4374352,349
shape_jr_haruka,34.5063124,135.4379135,350
shape_jr_haruka,34.5081448,135.4394114,351
shape_jr_haruka,34.5089776,135.4400923,352
shape_jr_haruka,34.5100444,135.4409578,353
shape_jr_haruka,34.5105231,135.4413719,354
shape_jr_haruka,34.5117529,135.4423526,355
shape_jr_haruka,34.5125231,135.4429816,356
shape_jr_haruka,34.5136194,135.4438788,357
shape_jr_haruka,34.5148740,135.4448999,358
shape_jr_haruka,34.5149386,135.4449524,359
shape_jr_haruka,34.5151747,135.4451509,360
shape_jr_haruka,34.5174976,135.4470461,361
shape_jr_haruka,34.5193304,135.4485460,362
shape_jr_haruka,34.5198561,135.4489750,363
shape_jr_haruka,34.5201118,135.4491846,364
shape_jr_haruka,34.5201850,135.4492447,365
shape_jr_haruka,34.5206804,135.4496509,366
shape_jr_haruka,34.5217242,135.4505048,367
shape_jr_haruka,34.5228342,135.4513934,368
shape_jr_haruka,34.5231097,135.4516182,369
shape_jr_haruka,34.5231287,135.4516337,370
shape_jr_haruka,34.5247800,135.4529798,371
shape_jr_haruka,34.5254920,135.4535802,372
shape_jr_haruka,34.5261078,135.4540765,373
shape_jr_haruka,34.5262729,135.4542141,374
shape_jr_haruka,34.5277453,135.4554029,375
shape_jr_haruka,34.5287750,135.4561996,376
shape_jr_haruka,34.5289265,135.4563219,377
shape_jr_haruka,34.5290843,135.4564556,378
shape_jr_haruka,34.5292022,135.4565547,379
shape_jr_haruka,34.5298776,135.4571088,380
shape_jr_haruka,34.5300011,135.4572107,381
shape_jr_haruka,34.5306576,135.4577271,382
shape_jr_haruka,34.5309538,135.4579604,383
shape_jr_haruka,34.5316656,135.4584973,384
shape_jr_haruka,34.5318856,135.4586599,385
shape_jr_haruka,34.5327303,135.4593731,386
shape_jr_haruka,34.5331651,135.4597679,387
shape_jr_haruka,34.5333127,135.4599020,388
shape_jr_haruka,34.5333967,135.4599795,389
shape_jr_haruka,34.5334227,135.4600035,390
shape_jr_haruka,34.5336087,135.4601719,391
shape_jr_haruka,34.5338222,135.4603574,392
shape_jr_haruka,34.5341588,135.4606535,393
shape_jr_haruka,34.5347232,135.4611151,394
shape_jr_haruka,34.5358813,135.4620621,395
shape_jr_haruka,34.5366256,135.4626769,396
shape_jr_haruka,34.5372925,135.4632163,397
shape_jr_haruka,34.5373744,135.4632871,398
shape_jr_haruka,34.5376155,135.4634897,399
shape_jr_haruka,34.5378951,135.4637252,400
shape_jr_haruka,34.5395320,135.4650533,401
shape_jr_haruka,34.5398018,135.4652721,402
shape_jr_haruka,34.5400780,135.4655121,403
shape_jr_haruka,34.5403412,135.4657554,404
shape_jr_haruka,34.5406303,135.4660427,405
shape_jr_haruka,34.5407275,135.4661392,406
shape_jr_haruka,34.5407342,135.4661459,407
shape_jr_haruka,34.5408279,135.4662478,408
shape_jr_haruka,34.5410353,135.4664735,409
shape_jr_haruka,34.5410678,135.4665116,410
shape_jr_haruka,34.5413210,135.4668063,411
shape_jr_haruka,34.5417671,135.4673708,412
shape_jr_haruka,34.5421164,135.4678507,413
shape_jr_haruka,34.5422626,135.4680573,414
shape_jr_haruka,34.5427330,135.4686993,415
shape_jr_haruka,34.5432148,135.4693680,416
shape_jr_haruka,34.5440941,135.4705729,417
shape_jr_haruka,34.5448070,135.4715067,418
shape_jr_haruka,34.5448971,135.4716377,419
shape_jr_haruka,34.5450750,135.4718887,420
shape_jr_haruka,34.5451623,135.4720119,421
shape_jr_haruka,34.5454274,135.4723861,422
shape_jr_haruka,34.5459218,135.4730522,423
shape_jr_haruka,34.5459941,135.4731497,424
shape_jr_haruka,34.5461321,135.4733356,425
shape_jr_haruka,34.5466455,135.4740380,426
shape_jr_haruka,34.5468867,135.4743725,427
shape_jr_haruka,34.5478780,135.4757341,428
shape_jr_haruka,34.5487718,135.4769797,429
shape_jr_haruka,34.5488490,135.4770898,430
shape_jr_haruka,34.5493044,135.4777660,431
shape_jr_haruka,34.5497762,135.4784079,432
shape_jr_haruka,34.5501686,135.4789347,433
shape_jr_haruka,34.5504276,135.4792798,434
shape_jr_haruka,34.5506677,135.4795948,435
shape_jr_haruka,34.5508107,135.4797825,436
shape_jr_haruka,34.5522766,135.4817682,437
shape_jr_haruka,34.5525914,135.4822140,438
shape_jr_haruka,34.5542144,135.4844575,439
shape_jr_haruka,34.5554428,135.4860933,440
shape_jr_haruka,34.5556294,135.4863418,441
shape_jr_haruka,34.5559808,135.4867952,442
shape_jr_haruka,34.5562851,135.4871595,443
shape_jr_haruka,34.5566145,135.4875033,444
shape_jr_haruka,34.5569001,135.4877863,445
shape_jr_haruka,34.5571216,135.4879919,446
shape_jr_haruka,34.5574622,135.4882943,447
shape_jr_haruka,34.5577235,135.4884995,448
shape_jr_haruka,34.5577685,135.4885348,449
shape_jr_haruka,34.5578200,135.4885715,450
shape_jr_haruka,34.5579927,135.4886947,451
shape_jr_haruka,34.5583970,135.4889885,452
shape_jr_haruka,34.5587091,135.4891830,453
shape_jr_haruka,34.5589472,135.4893205,454
shape_jr_haruka,34.5592542,135.4894886,455
shape_jr_haruka,34.5595576,135.4896366,456
shape_jr_haruka,34.5617297,135.4906481,457
shape_jr_haruka,34.5619621,135.4907560,458
shape_jr_haruka,34.5657412,135.4925153,459
shape_jr_haruka,34.5664798,135.4928447,460
shape_jr_haruka,34.5671490,135.4931622,461
shape_jr_haruka,34.5711412,135.4950094,462
shape_jr_haruka,34.5716185,135.4952426,463
shape_jr_haruka,34.5719801,135.4954280,464
shape_jr_haruka,34.5736462,135.4963655,465
shape_jr_haruka,34.5739511,135.4965371,466
shape_jr_haruka,34.5768859,135.4981447,467
shape_jr_haruka,34.5769359,135.4981733,468
shape_jr_haruka,34.5771081,135.4982718,469
shape_jr_haruka,34.5778646,135.4986846,470
shape_jr_haruka,34.5786179,135.4990956,471
shape_jr_haruka,34.5807660,135.5002916,472
shape_jr_haruka,34.5810737,135.5004636,473
shape_jr_haruka,34.5834903,135.5018018,474
shape_jr_haruka,34.5836465,135.5018839,475
shape_jr_haruka,34.5838356,135.5019767,476
shape_jr_haruka,34.5840272,135.5020551,477
shape_jr_haruka,34.5842034,135.5021177,478
shape_jr_haruka,34.5843477,135.5021672,479
shape_jr_haruka,34.5846439,135.5022481,480
shape_jr_haruka,34.5849328,135.5023167,481
shape_jr_haruka,34.5851890,135.5023627,482
shape_jr_haruka,34.5853907,135.5023830,483
shape_jr_haruka,34.5856878,135.5024085,484
shape_jr_haruka,34.5873980,135.5025530,485
shape_jr_haruka,34.5880772,135.5026014,486
shape_jr_haruka,34.5886056,135.5026180,487
shape_jr_haruka,34.5888664,135.5026312,488
shape_jr_haruka,34.5896646,135.5026996,489
shape_jr_haruka,34.5909315,135.5028022,490
shape_jr_haruka,34.5914893,135.5028537,491
shape_jr_haruka,34.5916994,135.5028721,492
shape_jr_haruka,34.5920449,135.5028872,493
shape_jr_haruka,34.5920870,135.5028890,494
shape_jr_haruka,34.5921340,135.5028910,495
shape_jr_haruka,34.5922622,135.5028966,496
shape_jr_haruka,34.5923761,135.5029008,497
shape_jr_haruka,34.5930085,135.5029549,498
shape_jr_haruka,34.5935518,135.5030014,499
shape_jr_haruka,34.5939548,135.5030456,500
shape_jr_haruka,34.5942689,135.5030878,501
shape_jr_haruka,34.5942996,135.5030919,502
shape_jr_haruka,34.5945480,135.5031136,503
shape_jr_haruka,34.5952082,135.5032062,504
shape_jr_haruka,34.5954883,135.5032475,505
shape_jr_haruka,34.5959732,135.5033295,506
shape_jr_haruka,34.5961927,135.5033617,507
shape_jr_haruka,34.5964390,135.5034045,508
shape_jr_haruka,34.5967411,135.5034671,509
shape_jr_haruka,34.5970743,135.5035589,510
shape_jr_haruka,34.5973529,135.5036403,511
shape_jr_haruka,34.5976864,135.5037624,512
shape_jr_haruka,34.5979500,135.5038692,513
shape_jr_haruka,34.5982836,135.5040062,514
shape_jr_haruka,34.5991041,135.5043463,515
shape_jr_haruka,34.5993318,135.5044459,516
shape_jr_haruka,34.5995266,135.5045485,517
shape_jr_haruka,34.5997498,135.5046727,518
shape_jr_haruka,34.5999221,135.5047807,519
shape_jr_haruka,34.6000849,135.5048967,520
shape_jr_haruka,34.6002575,135.5050249,521
shape_jr_haruka,34.6004707,135.5051959,522
shape_jr_haruka,34.6015704,135.5061653,523
shape_jr_haruka,34.6020704,135.5066041,524
shape_jr_haruka,34.6025771,135.5070335,525
shape_jr_haruka,34.6031889,135.5075095,526
shape_jr_haruka,34.6036811,135.5078918,527
shape_jr_haruka,34.6041569,135.5082407,528
shape_jr_haruka,34.6046781,135.5086056,529
shape_jr_haruka,34.6052606,135.5089830,530
shape_jr_haruka,34.6103488,135.5121539,531
shape_jr_haruka,34.6108824,135.5124909,532
shape_jr_haruka,34.6113902,135.5128115,533
shape_jr_haruka,34.6133521,135.5140506,534
shape_jr_haruka,34.6152070,135.5151429,535
shape_jr_haruka,34.6159819,135.5156241,536
shape_jr_haruka,34.6177358,135.5166536,537
shape_jr_haruka,34.6188115,135.5172684,538
shape_jr_haruka,34.6189061,135.5173164,539
shape_jr_haruka,34.6195076,135.5176434,540
shape_jr_haruka,34.6200740,135.5179552,541
shape_jr_haruka,34.6204104,135.5181339,542
shape_jr_haruka,34.6215900,135.5187338,543
shape_jr_haruka,34.6232467,135.5195783,544
shape_jr_haruka,34.6240993,135.5199457,545
shape_jr_haruka,34.6245216,135.5201297,546
shape_jr_haruka,34.6247313,135.5202288,547
shape_jr_haruka,34.6256814,135.5206483,548
shape_jr_haruka,34.6258366,135.5207143,549
shape_jr_haruka,34.6262486,135.5209083,550
shape_jr_haruka,34.6266738,135.5211065,551
shape_jr_haruka,34.6272563,135.5213613,552
shape_jr_haruka,34.6275737,135.5215011,553
shape_jr_haruka,34.6286323,135.5220055,554
shape_jr_haruka,34.6295723,135.5224103,555
shape_jr_haruka,34.6301936,135.5226867,556
shape_jr_haruka,34.6305886,135.5228561,557
shape_jr_haruka,34.6322364,135.5235111,558
shape_jr_haruka,34.6325828,135.5235910,559
shape_jr_haruka,34.6331068,135.5236318,560
shape_jr_haruka,34.6341829,135.5236608,561
shape_jr_haruka,34.6354246,135.5236900,562
shape_jr_haruka,34.6382257,135.5237576,563
shape_jr_haruka,34.6391855,135.5237619,564
shape_jr_haruka,34.6395086,135.5237676,565
shape_jr_haruka,34.6398568,135.5237486,566
shape_jr_haruka,34.6401889,135.5237042,567
shape_jr_haruka,34.6404874,135.5236442,568
shape_jr_haruka,34.6407666,135.5235685,569
shape_jr_haruka,34.6410942,135.5234592,570
shape_jr_haruka,34.6414163,135.5233323,571
shape_jr_haruka,34.6415647,135.5232595,572
shape_jr_haruka,34.6417817,135.5231442,573
shape_jr_haruka,34.6419976,135.5230129,574
shape_jr_haruka,34.6422577,135.5228272,575
shape_jr_haruka,34.6435107,135.5219104,576
shape_jr_haruka,34.6437635,135.5216691,577
shape_jr_haruka,34.6439581,135.5214965,578
shape_jr_haruka,34.6441974,135.5212677,579
shape_jr_haruka,34.6445468,135.5209012,580
shape_jr_haruka,34.6447063,135.5207306,581
shape_jr_haruka,34.6448371,135.5205715,582
shape_jr_haruka,34.6449536,135.5204164,583
shape_jr_haruka,34.6450509,135.5202613,584
shape_jr_haruka,34.6451843,135.5200096,585
shape_jr_haruka,34.6452655,135.5198511,586
shape_jr_haruka,34.6453338,135.5196718,587
shape_jr_haruka,34.6453867,135.5195361,588
shape_jr_haruka,34.6454453,135.5193337,589
shape_jr_haruka,34.6455322,135.5190245,590
shape_jr_haruka,34.6456120,135.5187490,591
shape_jr_haruka,34.6457420,135.5182972,592
shape_jr_haruka,34.6459800,135.5174682,593
shape_jr_haruka,34.6461076,135.5170201,594
shape_jr_haruka,34.6462401,135.5166118,595
shape_jr_haruka,34.6464224,135.5158594,596
shape_jr_haruka,34.6464405,135.5157955,597
shape_jr_haruka,34.6465164,135.5154562,598
shape_jr_haruka,34.6466829,135.5147537,599
shape_jr_haruka,34.6468547,135.5140821,600
shape_jr_haruka,34.6471777,135.5128896,601
shape_jr_haruka,34.6473528,135.5122007,602
shape_jr_haruka,34.6473997,135.5119879,603
shape_jr_haruka,34.6478730,135.5098413,604
shape_jr_haruka,34.6480288,135.5092307,605
shape_jr_haruka,34.6482514,135.5084939,606
shape_jr_haruka,34.6483428,135.5081383,607
shape_jr_haruka,34.6484338,135.5078308,608
shape_jr_haruka,34.6487034,135.5067529,609
shape_jr_haruka,34.6488810,135.5060560,610
shape_jr_haruka,34.6490728,135.5052523,611
shape_jr_haruka,34.6491956,135.5047376,612
shape_jr_haruka,34.6494081,135.5038729,613
shape_jr_haruka,34.6494814,135.5035901,614
shape_jr_haruka,34.6496919,135.5027723,615
shape_jr_haruka,34.6497254,135.5026423,616
shape_jr_haruka,34.6498332,135.5021910,617
shape_jr_haruka,34.6502121,135.5006401,618
shape_jr_haruka,34.6506115,135.4989977,619
shape_jr_haruka,34.6507961,135.4980547,620
shape_jr_haruka,34.6508402,135.4978682,621
shape_jr_haruka,34.6509530,135.4974191,622
shape_jr_haruka,34.6511253,135.4967330,623
shape_jr_haruka,34.6511942,135.4964873,624
shape_jr_haruka,34.6512884,135.4961744,625
shape_jr_haruka,34.6513847,135.4958986,626
shape_jr_haruka,34.6514826,135.4956555,627
shape_jr_haruka,34.6515757,135.4954434,628
shape_jr_haruka,34.6516598,135.4952628,629
shape_jr_haruka,34.6517520,135.4950896,630
shape_jr_haruka,34.6518459,135.4949202,631
shape_jr_haruka,34.6519369,135.4947644,632
shape_jr_haruka,34.6521064,135.4945049,633
shape_jr_haruka,34.6522753,135.4942792,634
shape_jr_haruka,34.6524582,135.4940536,635
shape_jr_haruka,34.6525955,135.4939010,636
shape_jr_haruka,34.6527099,135.4937815,637
shape_jr_haruka,34.6528036,135.4936924,638
shape_jr_haruka,34.6529608,135.4935534,639
shape_jr_haruka,34.6532336,135.4933305,640
shape_jr_haruka,34.6535026,135.4931497,641
shape_jr_haruka,34.6537233,135.4930230,642
shape_jr_haruka,34.6539575,135.4928928,643
shape_jr_haruka,34.6551914,135.4922606,644
shape_jr_haruka,34.6555402,135.4920720,645
shape_jr_haruka,34.6557537,135.4919459,646
shape_jr_haruka,34.6559522,135.4918195,647
shape_jr_haruka,34.6561428,135.4916899,648
shape_jr_haruka,34.6563675,135.4915307,649
shape_jr_haruka,34.6565149,135.4914216,650
shape_jr_haruka,34.6567083,135.4912692,651
shape_jr_haruka,34.6568642,135.4911352,652
shape_jr_haruka,34.6570426,135.4909736,653
shape_jr_haruka,34.6571977,135.4908199,654
shape_jr_haruka,34.6573640,135.4906464,655
shape_jr_haruka,34.6575897,135.4903883,656
shape_jr_haruka,34.6578517,135.4900901,657
shape_jr_haruka,34.6580610,135.4898530,658
shape_jr_haruka,34.6580964,135.4898130,659
shape_jr_haruka,34.6583154,135.4895648,660
shape_jr_haruka,34.6583757,135.4894966,661
shape_jr_haruka,34.6586847,135.4891465,662
shape_jr_haruka,34.6588273,135.4889846,663
shape_jr_haruka,34.6589323,135.4888726,664
shape_jr_haruka,34.6589902,135.4888132,665
shape_jr_haruka,34.6590670,135.4887344,666
shape_jr_haruka,34.6591782,135.4886239,667
shape_jr_haruka,34.6593040,135.4885108,668
shape_jr_haruka,34.6594966,135.4883502,669
shape_jr_haruka,34.6596566,135.4882277,670
shape_jr_haruka,34.6597988,135.4881255,671
shape_jr_haruka,34.6602174,135.4878291,672
shape_jr_haruka,34.6603147,135.4877597,673
shape_jr_haruka,34.6611591,135.4871608,674
shape_jr_haruka,34.6613081,135.4870539,675
shape_jr_haruka,34.6621163,135.4864745,676
shape_jr_haruka,34.6624543,135.4862261,677
shape_jr_haruka,34.6627078,135.4860355,678
shape_jr_haruka,34.6628404,135.4859151,679
shape_jr_haruka,34.6629567,135.4858020,680
shape_jr_haruka,34.6631369,135.4856158,681
shape_jr_haruka,34.6632471,135.4854878,682
shape_jr_haruka,34.6633593,135.4853535,683
shape_jr_haruka,34.6634179,135.4852699,684
shape_jr_haruka,34.6634947,135.4851599,685
shape_jr_haruka,34.6635598,135.4850593,686
shape_jr_haruka,34.6637090,135.4848045,687
shape_jr_haruka,34.6638200,135.4845791,688
shape_jr_haruka,34.6638839,135.4844391,689
shape_jr_haruka,34.6639477,135.4842842,690
shape_jr_haruka,34.6640082,135.4841239,691
shape_jr_haruka,34.6645765,135.4825981,692
shape_jr_haruka,34.6646254,135.4824636,693
shape_jr_haruka,34.6647446,135.4821448,694
shape_jr_haruka,34.6651016,135.4811894,695
shape_jr_haruka,34.6651887,135.4809520,696
shape_jr_haruka,34.6654243,135.4803281,697
shape_jr_haruka,34.6655706,135.4799120,698
shape_jr_haruka,34.6658914,135.4790615,699
shape_jr_haruka,34.6660414,135.4786636,700
shape_jr_haruka,34.6661837,135.4782832,701
shape_jr_haruka,34.6663464,135.4778484,702
shape_jr_haruka,34.6665166,135.4773935,703
shape_jr_haruka,34.6666611,135.4770124,704
shape_jr_haruka,34.6668963,135.4763733,705
shape_jr_haruka,34.6672507,135.4754166,706
shape_jr_haruka,34.6672819,135.4753327,707
shape_jr_haruka,34.6675120,135.4747233,708
shape_jr_haruka,34.6675720,135.4745523,709
shape_jr_haruka,34.6676286,135.4743861,710
shape_jr_haruka,34.6676779,135.4742118,711
shape_jr_haruka,34.6677046,135.4741070,712
shape_jr_haruka,34.6677318,135.4740010,713
shape_jr_haruka,34.6677572,135.4738767,714
shape_jr_haruka,34.6677886,135.4737047,715
shape_jr_haruka,34.6678277,135.4734065,716
shape_jr_haruka,34.6678404,135.4732842,717
shape_jr_haruka,34.6678515,135.4731181,718
shape_jr_haruka,34.6678542,135.4729857,719
shape_jr_haruka,34.6678560,135.4728698,720
shape_jr_haruka,34.6678562,135.4727638,721
shape_jr_haruka,34.6678543,135.4726709,722
shape_jr_haruka,34.6678480,135.4725770,723
shape_jr_haruka,34.6678369,135.4724151,724
shape_jr_haruka,34.6678144,135.4722308,725
shape_jr_haruka,34.6677917,135.4720612,726
shape_jr_haruka,34.6677527,135.4718773,727
shape_jr_haruka,34.6677502,135.4718655,728
shape_jr_haruka,34.6677216,135.4717452,729
shape_jr_haruka,34.6676781,135.4715934,730
shape_jr_haruka,34.6676279,135.4714363,731
shape_jr_haruka,34.6675693,135.4712736,732
shape_jr_haruka,34.6675173,135.4711334,733
shape_jr_haruka,34.6673915,135.4708323,734
shape_jr_haruka,34.6672744,135.4705476,735
shape_jr_haruka,34.6671096,135.4701585,736
shape_jr_haruka,34.6670080,135.4699339,737
shape_jr_haruka,34.6669515,135.4698094,738
shape_jr_haruka,34.6667377,135.4693535,739
shape_jr_haruka,34.6664038,135.4686429,740
shape_jr_haruka,34.6663210,135.4684583,741
shape_jr_haruka,34.6662278,135.4682528,742
shape_jr_haruka,34.6661451,135.4680465,743
shape_jr_haruka,34.6660631,135.4678188,744
shape_jr_haruka,34.6659953,135.4675884,745
shape_jr_haruka,34.6659520,135.4674062,746
shape_jr_haruka,34.6659184,135.4672251,747
shape_jr_haruka,34.6658898,135.4670304,748
shape_jr_haruka,34.6658686,135.4668238,749
shape_jr_haruka,34.6658597,135.4666189,750
shape_jr_haruka,34.6658575,135.4664181,751
shape_jr_haruka,34.6658647,135.4662074,752
shape_jr_haruka,34.6658835,135.4660045,753
shape_jr_haruka,34.6659019,135.4658692,754
shape_jr_haruka,34.6659258,135.4657319,755
shape_jr_haruka,34.6659564,135.4655808,756
shape_jr_haruka,34.6659854,135.4654619,757
shape_jr_haruka,34.6660166,135.4653545,758
shape_jr_haruka,34.6660717,135.4651809,759
shape_jr_haruka,34.6661277,135.4650316,760
shape_jr_haruka,34.6661750,135.4649157,761
shape_jr_haruka,34.6662411,135.4647814,762
shape_jr_haruka,34.6662999,135.4646605,763
shape_jr_haruka,34.6663760,135.4645240,764
shape_jr_haruka,34.6664940,135.4643396,765
shape_jr_haruka,34.6666232,135.4641697,766
shape_jr_haruka,34.6667620,135.4640098,767
shape_jr_haruka,34.6669087,135.4638649,768
shape_jr_haruka,34.6669846,135.4637945,769
shape_jr_haruka,34.6670630,135.4637301,770
shape_jr_haruka,34.6671385,135.4636712,771
shape_jr_haruka,34.6671678,135.4636484,772
shape_jr_haruka,34.6672499,135.4635886,773
shape_jr_haruka,34.6673969,135.4634931,774
shape_jr_haruka,34.6675399,135.4634037,775
shape_jr_haruka,34.6678293,135.4632342,776
shape_jr_haruka,34.6679080,135.4631875,777
shape_jr_haruka,34.6683040,135.4629581,778
shape_jr_haruka,34.6689833,135.4625643,779
shape_jr_haruka,34.6696163,135.4621926,780
shape_jr_haruka,34.6702759,135.4618093,781
shape_jr_haruka,34.6709052,135.4614451,782
shape_jr_haruka,34.6711784,135.4612840,783
shape_jr_haruka,34.6714815,135.4611078,784
shape_jr_haruka,34.6715617,135.4610626,785
shape_jr_haruka,34.6717306,135.4609769,786
shape_jr_haruka,34.6720551,135.4608281,787
shape_jr_haruka,34.6722241,135.4607653,788
shape_jr_haruka,34.6723115,135.4607344,789
shape_jr_haruka,34.6724893,135.4606778,790
shape_jr_haruka,34.6726571,135.4606299,791
shape_jr_haruka,34.6728288,135.4605893,792
shape_jr_haruka,34.6729975,135.4605537,793
shape_jr_haruka,34.6731197,135.4605352,794
shape_jr_haruka,34.6733073,135.4605072,795
shape_jr_haruka,34.6734999,135.4604934,796
shape_jr_haruka,34.6736591,135.4604842,797
shape_jr_haruka,34.6738669,135.4604823,798
shape_jr_haruka,34.6739761,135.4604854,799
shape_jr_haruka,34.6741214,135.4604944,800
shape_jr_haruka,34.6742644,135.4605067,801
shape_jr_haruka,34.6745359,135.4605365,802
shape_jr_haruka,34.6747482,135.4605759,803
shape_jr_haruka,34.6749525,135.4606269,804
shape_jr_haruka,34.6752250,135.4607055,805
shape_jr_haruka,34.6754388,135.4607810,806
shape_jr_haruka,34.6757009,135.4608897,807
shape_jr_haruka,34.6758832,135.4609801,808
shape_jr_haruka,34.6762343,135.4611595,809
shape_jr_haruka,34.6765833,135.4613392,810
shape_jr_haruka,34.6767584,135.4614311,811
shape_jr_haruka,34.6781987,135.4621769,812
shape_jr_haruka,34.6783914,135.4622985,813
shape_jr_haruka,34.6785772,135.4624258,814
shape_jr_haruka,34.6787483,135.4625662,815
shape_jr_haruka,34.6789821,135.4627814,816
shape_jr_haruka,34.6791595,135.4629619,817
shape_jr_haruka,34.6793355,135.4631397,818
shape_jr_haruka,34.6795095,135.4633145,819
shape_jr_haruka,34.6796730,135.4634823,820
shape_jr_haruka,34.6798383,135.4636395,821
shape_jr_haruka,34.6800162,135.4638200,822
shape_jr_haruka,34.6801075,135.4639147,823
shape_jr_haruka,34.6803468,135.4641627,824
shape_jr_haruka,34.6810428,135.4648873,825
shape_jr_haruka,34.6813935,135.4652504,826
shape_jr_haruka,34.6816389,135.4655040,827
shape_jr_haruka,34.6818717,135.4657090,828
shape_jr_haruka,34.6819741,135.4658029,829
shape_jr_haruka,34.6820807,135.4659050,830
shape_jr_haruka,34.6825024,135.4663508,831
shape_jr_haruka,34.6828874,135.4667602,832
shape_jr_haruka,34.6831777,135.4670764,833
shape_jr_haruka,34.6833865,135.4673250,834
shape_jr_haruka,34.6836695,135.4676860,835
shape_jr_haruka,34.6839562,135.4680539,836
shape_jr_haruka,34.6842693,135.4684834,837
shape_jr_haruka,34.6846528,135.4690317,838
shape_jr_haruka,34.6849707,135.4694875,839
shape_jr_haruka,34.6851421,135.4697366,840
shape_jr_haruka,34.6853458,135.4700178,841
shape_jr_haruka,34.6856011,135.4703646,842
shape_jr_haruka,34.6857385,135.4705393,843
shape_jr_haruka,34.6859535,135.4708256,844
shape_jr_haruka,34.6864373,135.4714620,845
shape_jr_haruka,34.6867947,135.4719260,846
shape_jr_haruka,34.6873831,135.4726914,847
shape_jr_haruka,34.6880107,135.4735031,848
shape_jr_haruka,34.6883162,135.4738736,849
shape_jr_haruka,34.6885660,135.4741691,850
shape_jr_haruka,34.6888472,135.4745238,851
shape_jr_haruka,34.6891548,135.4749267,852
shape_jr_haruka,34.6894499,135.4753405,853
shape_jr_haruka,34.6898029,135.4758377,854
shape_jr_haruka,34.6899994,135.4761172,855
shape_jr_haruka,34.6902625,135.4764716,856
shape_jr_haruka,34.6905561,135.4768589,857
shape_jr_haruka,34.6908486,135.4772418,858
shape_jr_haruka,34.6911353,135.4776133,859
shape_jr_haruka,34.6916627,135.4783016,860
shape_jr_haruka,34.6925109,135.4794031,861
shape_jr_haruka,34.6932864,135.4804068,862
shape_jr_haruka,34.6935455,135.4807390,863
shape_jr_haruka,34.6937324,135.4809546,864
shape_jr_haruka,34.6943886,135.4817063,865
shape_jr_haruka,34.6946752,135.4820714,866
shape_jr_haruka,34.6949665,135.4824486,867
shape_jr_haruka,34.6952602,135.4828320,868
shape_jr_haruka,34.6955353,135.4832337,869
shape_jr_haruka,34.6958028,135.4836768,870
shape_jr_haruka,34.6959297,135.4839171,871
shape_jr_haruka,34.6960540,135.4841632,872
shape_jr_haruka,34.6961832,135.4844206,873
shape_jr_haruka,34.6964169,135.4848979,874
shape_jr_haruka,34.6966288,135.4853189,875
shape_jr_haruka,34.6968411,135.4857530,876
shape_jr_haruka,34.6971663,135.4864171,877
shape_jr_haruka,34.6973583,135.4868132,878
shape_jr_haruka,34.6974320,135.4869555,879
shape_jr_haruka,34.6974719,135.4870327,880
shape_jr_haruka,34.6975287,135.4871541,881
shape_jr_haruka,34.6975691,135.4872320,882
shape_jr_haruka,34.6975928,135.4872777,883
shape_jr_haruka,34.6980655,135.4882437,884
shape_jr_haruka,34.6982753,135.4886434,885
shape_jr_haruka,34.6984151,135.4888480,886
shape_jr_haruka,34.6986616,135.4891241,887
shape_jr_haruka,34.6990202,135.4894891,888
shape_jr_haruka,34.6992433,135.4897359,889
shape_jr_haruka,34.6996577,135.4902493,890
shape_jr_haruka,34.6998655,135.4905005,891
shape_jr_haruka,34.7000969,135.4907355,892
shape_jr_haruka,34.7007756,135.4913641,893
shape_jr_haruka,34.7011631,135.4917075,894
shape_jr_haruka,34.7019532,135.4924214,895
shape_jr_haruka,34.7021935,135.4926265,896
shape_jr_haruka,34.7024455,135.4928231,897
shape_jr_haruka,34.7027035,135.4930011,898
shape_jr_haruka,34.7029787,135.4931625,899
shape_jr_haruka,34.7032550,135.4933018,900
shape_jr_haruka,34.7035373,135.4934148,901
shape_jr_haruka,34.7038239,135.4935040,902
shape_jr_haruka,34.7041152,135.4935720,903
shape_jr_haruka,34.7044135,135.4936181,904
shape_jr_haruka,34.7047134,135.4936468,905
shape_jr_haruka,34.7053051,135.4936448,906
shape_jr_haruka,34.7058038,135.4936106,907
shape_jr_haruka,34.7060292,135.4935761,908
shape_jr_haruka,34.7063951,135.4935334,909
shape_jr_haruka,34.7073456,135.4933946,910
shape_jr_haruka,34.7076501,135.4933579,911
shape_jr_haruka,34.7078805,135.4933503,912
shape_jr_haruka,34.7081096,135.4933611,913
shape_jr_haruka,34.7083033,135.4933809,914
shape_jr_haruka,34.7085437,135.4934272,915
shape_jr_haruka,34.7087560,135.4934899,916
shape_jr_haruka,34.7090115,135.4935680,917
shape_jr_haruka,34.7092423,135.4936717,918
shape_jr_haruka,34.7094564,135.4937819,919
shape_jr_haruka,34.7104200,135.4943339,920
shape_jr_haruka,34.7107086,135.4944916,921
shape_jr_haruka,34.7109796,135.4946548,922
shape_jr_haruka,34.7112500,135.4948360,923
shape_jr_haruka,34.7115072,135.4950359,924
shape_jr_haruka,34.7117600,135.4952616,925
shape_jr_haruka,34.7119396,135.4954424,926
shape_jr_haruka,34.7121945,135.4957343,927
shape_jr_haruka,34.7123293,135.4959024,928
shape_jr_haruka,34.7125325,135.4961937,929
shape_jr_haruka,34.7127430,135.4965403,930
shape_jr_haruka,34.7128575,135.4967415,931
shape_jr_haruka,34.7129741,135.4969808,932
shape_jr_haruka,34.7130788,135.4972312,933
shape_jr_haruka,34.7131815,135.4975018,934
shape_jr_haruka,34.7132806,135.4978110,935
shape_jr_haruka,34.7133458,135.4980473,936
shape_jr_haruka,34.7134030,135.4982852,937
shape_jr_haruka,34.7135117,135.4988119,938
shape_jr_haruka,34.7136326,135.4994665,939
shape_jr_haruka,34.7136566,135.4995870,940
shape_jr_haruka,34.7136811,135.4996977,941
shape_jr_haruka,34.7137182,135.4998516,942
shape_jr_haruka,34.7137621,135.5000093,943
shape_jr_haruka,34.7139101,135.5005342,944
shape_jr_haruka,34.7140518,135.5010412,945
shape_jr_haruka,34.7140724,135.5011109,946
shape_jr_haruka,34.7141285,135.5012839,947
shape_jr_haruka,34.7141815,135.5014221,948
shape_jr_haruka,34.7142416,135.5015711,949
shape_jr_haruka,34.7143128,135.5017232,950
shape_jr_haruka,34.7143874,135.5018625,951
shape_jr_haruka,34.7144752,135.5020056,952
shape_jr_haruka,34.7145603,135.5021348,953
shape_jr_haruka,34.7146774,135.5022893,954
shape_jr_haruka,34.7147861,135.5024205,955
shape_jr_haruka,34.7148466,135.5024850,956
shape_jr_haruka,34.7149968,135.5026331,957
shape_jr_haruka,34.7151328,135.5027471,958
shape_jr_haruka,34.7152700,135.5028497,959
shape_jr_haruka,34.7154151,135.5029465,960
shape_jr_haruka,34.7155645,135.5030255,961
shape_jr_haruka,34.7156611,135.5030753,962
shape_jr_haruka,34.7158244,135.5031439,963
shape_jr_haruka,34.7159265,135.5031807,964
shape_jr_haruka,34.7160665,135.5032200,965
shape_jr_haruka,34.7160860,135.5032246,966
shape_jr_haruka,34.7161551,135.5032411,967
shape_jr_haruka,34.7161867,135.5032486,968
shape_jr_haruka,34.7163109,135.5032688,969
shape_jr_haruka,34.7164292,135.5032833,970
shape_jr_haruka,34.7165824,135.5032927,971
shape_jr_haruka,34.7167121,135.5032921,972
shape_jr_haruka,34.7170075,135.5032860,973
shape_jr_haruka,34.7172676,135.5032789,974
shape_jr_haruka,34.7237507,135.5031036,975
shape_jr_haruka,34.7241949,135.5030839,976
shape_jr_haruka,34.7245040,135.5030556,977
shape_jr_haruka,34.7246800,135.5030325,978
shape_jr_haruka,34.7248848,135.5029967,979
shape_jr_haruka,34.7249768,135.5029787,980
shape_jr_haruka,34.7251055,135.5029510,981
shape_jr_haruka,34.7252343,135.5029232,982
shape_jr_haruka,34.7253743,135.5028863,983
shape_jr_haruka,34.7255267,135.5028417,984
shape_jr_haruka,34.7256824,135.5027908,985
shape_jr_haruka,34.7258717,135.5027251,986
shape_jr_haruka,34.7260487,135.5026542,987
shape_jr_haruka,34.7264572,135.5024782,988
shape_jr_haruka,34.7268626,135.5022995,989
shape_jr_haruka,34.7272626,135.5021252,990
shape_jr_haruka,34.7276076,135.5019708,991
shape_jr_haruka,34.7279753,135.5018079,992
shape_jr_haruka,34.7281576,135.5017300,993
shape_jr_haruka,34.7283354,135.5016606,994
shape_jr_haruka,34.7286417,135.5015567,995
shape_jr_haruka,34.7287934,135.5015128,996
shape_jr_haruka,34.7289828,135.5014651,997
shape_jr_haruka,34.7290699,135.5014477,998
shape_jr_haruka,34.7291846,135.5014288,999
shape_jr_haruka,34.7293281,135.5014073,1000
shape_jr_haruka,34.7294552,135.5013921,1001
shape_jr_haruka,34.7295186,135.5013869,1002
shape_jr_haruka,34.7296166,135.5013786,1003
shape_jr_haruka,34.7297245,135.5013728,1004
shape_jr_haruka,34.7298602,135.5013698,1005
shape_jr_haruka,34.7302910,135.5013681,1006
shape_jr_haruka,34.7308470,135.5013587,1007
shape_jr_haruka,34.7312051,135.5013466,1008
shape_jr_haruka,34.7316332,135.5013068,1009
shape_jr_haruka,34.7319410,135.5012668,1010
shape_jr_haruka,34.7324674,135.5012459,1011
shape_jr_haruka,34.7328873,135.5012576,1012
shape_jr_haruka,34.7330465,135.5012632,1013
shape_jr_haruka,34.7332042,135.5012738,1014
shape_jr_haruka,34.7334575,135.5012894,1015
shape_jr_haruka,34.7339008,135.5013828,1016
shape_jr_haruka,34.7340072,135.5014050,1017
shape_jr_haruka,34.7341202,135.5014286,1018
shape_jr_haruka,34.7343455,135.5014832,1019
shape_jr_haruka,34.7345767,135.5015616,1020
shape_jr_haruka,34.7349206,135.5017024,1021
shape_jr_haruka,34.7352610,135.5018711,1022
shape_jr_haruka,34.7355757,135.5020269,1023
shape_jr_haruka,34.7362832,135.5023748,1024
shape_jr_haruka,34.7366638,135.5025667,1025
shape_jr_haruka,34.7369063,135.5026735,1026
shape_jr_haruka,34.7374777,135.5029028,1027
shape_jr_haruka,34.7377030,135.5030112,1028
shape_jr_haruka,34.7387391,135.5035089,1029
shape_jr_haruka,34.7392466,135.5037556,1030
shape_jr_haruka,34.7398981,135.5040705,1031
shape_jr_haruka,34.7404728,135.5043498,1032
shape_jr_haruka,34.7407905,135.5044959,1033
shape_jr_haruka,34.7410445,135.5045981,1034
shape_jr_haruka,34.7419625,135.5049565,1035
shape_jr_haruka,34.7419936,135.5049705,1036
shape_jr_haruka,34.7425733,135.5051945,1037
shape_jr_haruka,34.7427988,135.5052794,1038
shape_jr_haruka,34.7430136,135.5053695,1039
shape_jr_haruka,34.7432605,135.5054721,1040
shape_jr_haruka,34.7435125,135.5055877,1041
shape_jr_haruka,34.7439374,135.5057797,1042
shape_jr_haruka,34.7440477,135.5058305,1043
shape_jr_haruka,34.7442967,135.5059422,1044
shape_jr_haruka,34.7453453,135.5064101,1045
shape_jr_haruka,34.7457489,135.5065949,1046
shape_jr_haruka,34.7459921,135.5067095,1047
shape_jr_haruka,34.7463677,135.5068899,1048
shape_jr_haruka,34.7469712,135.5072066,1049
shape_jr_haruka,34.7473718,135.5074189,1050
shape_jr_haruka,34.7474625,135.5074662,1051
shape_jr_haruka,34.7477372,135.5076112,1052
shape_jr_haruka,34.7477983,135.5076449,1053
shape_jr_haruka,34.7482690,135.5078887,1054
shape_jr_haruka,34.7489189,135.5082206,1055
shape_jr_haruka,34.7494850,135.5084557,1056
shape_jr_haruka,34.7498715,135.5086346,1057
shape_jr_haruka,34.7506633,135.5091188,1058
shape_jr_haruka,34.7508422,135.5092581,1059
shape_jr_haruka,34.7511819,135.5095596,1060
shape_jr_haruka,34.7513514,135.5097398,1061
shape_jr_haruka,34.7516332,135.5100600,1062
shape_jr_haruka,34.7520391,135.5105584,1063
shape_jr_haruka,34.7526046,135.5112239,1064
shape_jr_haruka,34.7527134,135.5113609,1065
shape_jr_haruka,34.7531487,135.5119089,1066
shape_jr_haruka,34.7537963,135.5126949,1067
shape_jr_haruka,34.7541719,135.5131552,1068
shape_jr_haruka,34.7546593,135.5136565,1069
shape_jr_haruka,34.7551231,135.5140843,1070
shape_jr_haruka,34.7555941,135.5145033,1071
shape_jr_haruka,34.7557716,135.5146705,1072
shape_jr_haruka,34.7559321,135.5148269,1073
shape_jr_haruka,34.7560619,135.5149657,1074
shape_jr_haruka,34.7561494,135.5150619,1075
shape_jr_haruka,34.7563380,135.5152676,1076
shape_jr_haruka,34.7565405,135.5155141,1077
shape_jr_haruka,34.7567608,135.5157790,1078
shape_jr_haruka,34.7573009,135.5164655,1079
shape_jr_haruka,34.7577175,135.5170012,1080
shape_jr_haruka,34.7582575,135.5176721,1081
shape_jr_haruka,34.7587438,135.5182542,1082
shape_jr_haruka,34.7588104,135.5183331,1083
shape_jr_haruka,34.7591695,135.5187697,1084
shape_jr_haruka,34.7595882,135.5192686,1085
shape_jr_haruka,34.7600087,135.5197414,1086
shape_jr_haruka,34.7600986,135.5198416,1087
shape_jr_haruka,34.7611985,135.5210575,1088
shape_jr_haruka,34.7616358,135.5215216,1089
shape_jr_haruka,34.7620182,135.5219054,1090
shape_jr_haruka,34.7621329,135.5220213,1091
shape_jr_haruka,34.7636312,135.5236361,1092
shape_jr_haruka,34.7640634,135.5241293,1093
shape_jr_haruka,34.7643904,135.5244967,1094
shape_jr_haruka,34.7647261,135.5248479,1095
shape_jr_haruka,34.7652718,135.5254252,1096
shape_jr_haruka,34.7658324,135.5259874,1097
shape_jr_haruka,34.7665388,135.5266405,1098
shape_jr_haruka,34.7671982,135.5272699,1099
shape_jr_haruka,34.7674219,135.5274811,1100
shape_jr_haruka,34.7677041,135.5277782,1101
shape_jr_haruka,34.7680104,135.5281014,1102
shape_jr_haruka,34.7686083,135.5288070,1103
shape_jr_haruka,34.7705303,135.5310989,1104
shape_jr_haruka,34.7730374,135.5340068,1105
shape_jr_haruka,34.7741909,135.5353907,1106
shape_jr_haruka,34.7767393,135.5389397,1107
shape_jr_haruka,34.7785868,135.5414978,1108
shape_jr_haruka,34.7790979,135.5421916,1109
shape_jr_haruka,34.7794841,135.5427191,1110
shape_jr_haruka,34.7796277,135.5429112,1111
shape_jr_haruka,34.7799879,135.5433932,1112
shape_jr_haruka,34.7803756,135.5438706,1113
shape_jr_haruka,34.7808236,135.5443820,1114
shape_jr_haruka,34.7812418,135.5447924,1115
shape_jr_haruka,34.7815271,135.5450561,1116
shape_jr_haruka,34.7817845,135.5452857,1117
shape_jr_haruka,34.7822410,135.5456633,1118
shape_jr_haruka,34.7826666,135.5459628,1119
shape_jr_haruka,34.7830365,135.5462115,1120
shape_jr_haruka,34.7833666,135.5464226,1121
shape_jr_haruka,34.7836886,135.5466063,1122
shape_jr_haruka,34.7840928,135.5468247,1123
shape_jr_haruka,34.7845196,135.5470584,1124
shape_jr_haruka,34.7849096,135.5472676,1125
shape_jr_haruka,34.7854686,135.5475765,1126
shape_jr_haruka,34.7858214,135.5477885,1127
shape_jr_haruka,34.7861944,135.5479959,1128
shape_jr_haruka,34.7867474,135.5482938,1129
shape_jr_haruka,34.7871344,135.5485114,1130
shape_jr_haruka,34.7879204,135.5489429,1131
shape_jr_haruka,34.7884695,135.5492209,1132
shape_jr_haruka,34.7891084,135.5495204,1133
shape_jr_haruka,34.7896846,135.5498179,1134
shape_jr_haruka,34.7900905,135.5500457,1135
shape_jr_haruka,34.7905070,135.5502887,1136
shape_jr_haruka,34.7909569,135.5505583,1137
shape_jr_haruka,34.7911220,135.5506561,1138
shape_jr_haruka,34.7914757,135.5508686,1139
shape_jr_haruka,34.7920665,135.5512237,1140
shape_jr_haruka,34.7931664,135.5519031,1141
shape_jr_haruka,34.7938506,135.5523331,1142
shape_jr_haruka,34.7948719,135.5530061,1143
shape_jr_haruka,34.7950961,135.5531538,1144
shape_jr_haruka,34.7959062,135.5535885,1145
shape_jr_haruka,34.7969452,135.5540402,1146
shape_jr_haruka,34.7975074,135.5542877,1147
shape_jr_haruka,34.7977304,135.5544037,1148
shape_jr_haruka,34.7978187,135.5544496,1149
shape_jr_haruka,34.7980376,135.5545841,1150
shape_jr_haruka,34.7982074,135.5546901,1151
shape_jr_haruka,34.7985283,135.5549073,1152
shape_jr_haruka,34.7986201,135.5549694,1153
shape_jr_haruka,34.7990304,135.5552426,1154
shape_jr_haruka,34.7992324,135.5553724,1155
shape_jr_haruka,34.7994592,135.5555082,1156
shape_jr_haruka,34.7997431,135.5556471,1157
shape_jr_haruka,34.7999668,135.5557513,1158
shape_jr_haruka,34.8004459,135.5559647,1159
shape_jr_haruka,34.8013577,135.5562939,1160
shape_jr_haruka,34.8015958,135.5563888,1161
shape_jr_haruka,34.8016793,135.5564227,1162
shape_jr_haruka,34.8028388,135.5568388,1163
shape_jr_haruka,34.8035751,135.5570939,1164
shape_jr_haruka,34.8039320,135.5572282,1165
shape_jr_haruka,34.8041155,135.5573007,1166
shape_jr_haruka,34.8047513,135.5575467,1167
shape_jr_haruka,34.8053425,135.5577777,1168
shape_jr_haruka,34.8058321,135.5579633,1169
shape_jr_haruka,34.8062783,135.5581309,1170
shape_jr_haruka,34.8068818,135.5583633,1171
shape_jr_haruka,34.8074371,135.5585792,1172
shape_jr_haruka,34.8077582,135.5586959,1173
shape_jr_haruka,34.8078863,135.5587465,1174
shape_jr_haruka,34.8080515,135.5588116,1175
shape_jr_haruka,34.8081323,135.5588426,1176
shape_jr_haruka,34.8085736,135.5590090,1177
shape_jr_haruka,34.8093370,135.5593022,1178
shape_jr_haruka,34.8103755,135.5597041,1179
shape_jr_haruka,34.8117741,135.5602360,1180
shape_jr_haruka,34.8122003,135.5603981,1181
shape_jr_haruka,34.8127712,135.5606316,1182
shape_jr_haruka,34.8132801,135.5608488,1183
shape_jr_haruka,34.8137301,135.5610317,1184
shape_jr_haruka,34.8139315,135.5611147,1185
shape_jr_haruka,34.8142051,135.5612509,1186
shape_jr_haruka,34.8144282,135.5613893,1187
shape_jr_haruka,34.8148877,135.5616917,1188
shape_jr_haruka,34.8152721,135.5620073,1189
shape_jr_haruka,34.8161935,135.5628071,1190
shape_jr_haruka,34.8168860,135.5634444,1191
shape_jr_haruka,34.8168887,135.5634469,1192
shape_jr_haruka,34.8170283,135.5635627,1193
shape_jr_haruka,34.8177669,135.5641460,1194
shape_jr_haruka,34.8184903,135.5647458,1195
shape_jr_haruka,34.8189494,135.5651244,1196
shape_jr_haruka,34.8191684,135.5653050,1197
shape_jr_haruka,34.8195240,135.5655958,1198
shape_jr_haruka,34.8200183,135.5659815,1199
shape_jr_haruka,34.8203977,135.5662855,1200
shape_jr_haruka,34.8208681,135.5666727,1201
shape_jr_haruka,34.8210802,135.5668550,1202
shape_jr_haruka,34.8212571,135.5669948,1203
shape_jr_haruka,34.8214185,135.5671286,1204
shape_jr_haruka,34.8216188,135.5672920,1205
shape_jr_haruka,34.8218464,135.5674898,1206
shape_jr_haruka,34.8222051,135.5678072,1207
shape_jr_haruka,34.8225192,135.5681128,1208
shape_jr_haruka,34.8228410,135.5684326,1209
shape_jr_haruka,34.8232328,135.5688767,1210
shape_jr_haruka,34.8235268,135.5692253,1211
shape_jr_haruka,34.8238271,135.5696050,1212
shape_jr_haruka,34.8241045,135.5699895,1213
shape_jr_haruka,34.8243883,135.5703971,1214
shape_jr_haruka,34.8246632,135.5708141,1215
shape_jr_haruka,34.8250456,135.5714872,1216
shape_jr_haruka,34.8252124,135.5717642,1217
shape_jr_haruka,34.8257870,135.5727352,1218
shape_jr_haruka,34.8261837,135.5734124,1219
shape_jr_haruka,34.8264321,135.5738488,1220
shape_jr_haruka,34.8269732,135.5747862,1221
shape_jr_haruka,34.8271668,135.5751252,1222
shape_jr_haruka,34.8275622,135.5758129,1223
shape_jr_haruka,34.8280104,135.5765828,1224
shape_jr_haruka,34.8284950,135.5774194,1225
shape_jr_haruka,34.8290500,135.5783758,1226
shape_jr_haruka,34.8291619,135.5785730,1227
shape_jr_haruka,34.8294908,135.5791389,1228
shape_jr_haruka,34.8297872,135.5796732,1229
shape_jr_haruka,34.8302221,135.5804554,1230
shape_jr_haruka,34.8305419,135.5810151,1231
shape_jr_haruka,34.8312534,135.5822391,1232
shape_jr_haruka,34.8312825,135.5822929,1233
shape_jr_haruka,34.8315946,135.5828226,1234
shape_jr_haruka,34.8322064,135.5838708,1235
shape_jr_haruka,34.8329060,135.5850703,1236
shape_jr_haruka,34.8353558,135.5892722,1237
shape_jr_haruka,34.8362509,135.5908198,1238
shape_jr_haruka,34.8362882,135.5908847,1239
shape_jr_haruka,34.8364487,135.5911461,1240
shape_jr_haruka,34.8365732,135.5913487,1241
shape_jr_haruka,34.8366887,135.5915345,1242
shape_jr_haruka,34.8368393,135.5917826,1243
shape_jr_haruka,34.8372049,135.5923422,1244
shape_jr_haruka,34.8373546,135.5925904,1245
shape_jr_haruka,34.8377012,135.5931987,1246
shape_jr_haruka,34.8380839,135.5938378,1247
shape_jr_haruka,34.8383207,135.5942602,1248
shape_jr_haruka,34.8384722,135.5945441,1249
shape_jr_haruka,34.8386351,135.5948441,1250
shape_jr_haruka,34.8388028,135.5951661,1251
shape_jr_haruka,34.8389657,135.5954419,1252
shape_jr_haruka,34.8393762,135.5961468,1253
shape_jr_haruka,34.8404706,135.5980648,1254
shape_jr_haruka,34.8406162,135.5983147,1255
shape_jr_haruka,34.8426500,135.6018130,1256
shape_jr_haruka,34.8439710,135.6040779,1257
shape_jr_haruka,34.8442482,135.6045612,1258
shape_jr_haruka,34.8445077,135.6050105,1259
shape_jr_haruka,34.8448898,135.6056627,1260
shape_jr_haruka,34.8452099,135.6061980,1261
shape_jr_haruka,34.8457196,135.6070653,1262
shape_jr_haruka,34.8463437,135.6081459,1263
shape_jr_haruka,34.8467271,135.6088248,1264
shape_jr_haruka,34.8471129,135.6094869,1265
shape_jr_haruka,34.8476763,135.6103973,1266
shape_jr_haruka,34.8480394,135.6110393,1267
shape_jr_haruka,34.8481614,135.6112399,1268
shape_jr_haruka,34.8489304,135.6126035,1269
shape_jr_haruka,34.8492263,135.6131382,1270
shape_jr_haruka,34.8499772,135.6145034,1271
shape_jr_haruka,34.8502063,135.6148958,1272
shape_jr_haruka,34.8506996,135.6157007,1273
shape_jr_haruka,34.8518463,135.6177620,1274
shape_jr_haruka,34.8526759,135.6193443,1275
shape_jr_haruka,34.8531214,135.6202099,1276
shape_jr_haruka,34.8535760,135.6210658,1277
shape_jr_haruka,34.8542804,135.6223696,1278
shape_jr_haruka,34.8544300,135.6226808,1279
shape_jr_haruka,34.8545593,135.6229441,1280
shape_jr_haruka,34.8547012,135.6232661,1281
shape_jr_haruka,34.8548258,135.6235496,1282
shape_jr_haruka,34.8549346,135.6238409,1283
shape_jr_haruka,34.8550775,135.6241974,1284
shape_jr_haruka,34.8552777,135.6247529,1285
shape_jr_haruka,34.8554108,135.6251342,1286
shape_jr_haruka,34.8555379,135.6254858,1287
shape_jr_haruka,34.8557060,135.6259406,1288
shape_jr_haruka,34.8558051,135.6262213,1289
shape_jr_haruka,34.8559505,135.6266351,1290
shape_jr_haruka,34.8576288,135.6312137,1291
shape_jr_haruka,34.8580870,135.6324335,1292
shape_jr_haruka,34.8583170,135.6330817,1293
shape_jr_haruka,34.8587777,135.6343573,1294
shape_jr_haruka,34.8591001,135.6352391,1295
shape_jr_haruka,34.8597289,135.6369314,1296
shape_jr_haruka,34.8603023,135.6384913,1297
shape_jr_haruka,34.8609017,135.6401171,1298
shape_jr_haruka,34.8609648,135.6402838,1299
shape_jr_haruka,34.8609966,135.6403658,1300
shape_jr_haruka,34.8615211,135.6418292,1301
shape_jr_haruka,34.8621079,135.6434099,1302
shape_jr_haruka,34.8625016,135.6444915,1303
shape_jr_haruka,34.8633392,135.6467772,1304
shape_jr_haruka,34.8638708,135.6482339,1305
shape_jr_haruka,34.8643070,135.6494238,1306
shape_jr_haruka,34.8644933,135.6499265,1307
shape_jr_haruka,34.8646472,135.6503323,1308
shape_jr_haruka,34.8647898,135.6506869,1309
shape_jr_haruka,34.8649391,135.6510262,1310
shape_jr_haruka,34.8651131,135.6514020,1311
shape_jr_haruka,34.8652676,135.6517213,1312
shape_jr_haruka,34.8654644,135.6520759,1313
shape_jr_haruka,34.8657274,135.6525224,1314
shape_jr_haruka,34.8658810,135.6527717,1315
shape_jr_haruka,34.8660716,135.6530544,1316
shape_jr_haruka,34.8663166,135.6534050,1317
shape_jr_haruka,34.8665317,135.6537081,1318
shape_jr_haruka,34.8667464,135.6539675,1319
shape_jr_haruka,34.8671111,135.6543978,1320
shape_jr_haruka,34.8673640,135.6546755,1321
shape_jr_haruka,34.8675924,135.6549060,1322
shape_jr_haruka,34.8678697,135.6551662,1323
shape_jr_haruka,34.8681203,135.6553974,1324
shape_jr_haruka,34.8683703,135.6556188,1325
shape_jr_haruka,34.8686096,135.6558086,1326
shape_jr_haruka,34.8688525,135.6559954,1327
shape_jr_haruka,34.8690673,135.6561474,1328
shape_jr_haruka,34.8693620,135.6563410,1329
shape_jr_haruka,34.8695732,135.6564692,1330
shape_jr_haruka,34.8698696,135.6566268,1331
shape_jr_haruka,34.8702661,135.6568400,1332
shape_jr_haruka,34.8707363,135.6570911,1333
shape_jr_haruka,34.8710348,135.6572393,1334
shape_jr_haruka,34.8715353,135.6575052,1335
shape_jr_haruka,34.8719677,135.6577264,1336
shape_jr_haruka,34.8722861,135.6578894,1337
shape_jr_haruka,34.8729499,135.6582326,1338
shape_jr_haruka,34.8738741,135.6587080,1339
shape_jr_haruka,34.8739262,135.6587346,1340
shape_jr_haruka,34.8745411,135.6590581,1341
shape_jr_haruka,34.8748863,135.6592389,1342
shape_jr_haruka,34.8755015,135.6595537,1343
shape_jr_haruka,34.8762979,135.6599621,1344
shape_jr_haruka,34.8764257,135.6600355,1345
shape_jr_haruka,34.8764721,135.6600587,1346
shape_jr_haruka,34.8769531,135.6603059,1347
shape_jr_haruka,34.8775248,135.6605972,1348
shape_jr_haruka,34.8780187,135.6608607,1349
shape_jr_haruka,34.8783995,135.6610687,1350
shape_jr_haruka,34.8786931,135.6612429,1351
shape_jr_haruka,34.8792847,135.6616144,1352
shape_jr_haruka,34.8796337,135.6618599,1353
shape_jr_haruka,34.8797538,135.6619476,1354
shape_jr_haruka,34.8800182,135.6621383,1355
shape_jr_haruka,34.8803364,135.6623868,1356
shape_jr_haruka,34.8806769,135.6626913,1357
shape_jr_haruka,34.8809934,135.6629731,1358
shape_jr_haruka,34.8813782,135.6633245,1359
shape_jr_haruka,34.8820944,135.6639668,1360
shape_jr_haruka,34.8828998,135.6647009,1361
shape_jr_haruka,34.8829645,135.6647603,1362
shape_jr_haruka,34.8839325,135.6656368,1363
shape_jr_haruka,34.8840218,135.6657185,1364
shape_jr_haruka,34.8852745,135.6668661,1365
shape_jr_haruka,34.8865300,135.6679966,1366
shape_jr_haruka,34.8869301,135.6683731,1367
shape_jr_haruka,34.8879316,135.6692653,1368
shape_jr_haruka,34.8883051,135.6696114,1369
shape_jr_haruka,34.8884649,135.6697578,1370
shape_jr_haruka,34.8887405,135.6700099,1371
shape_jr_haruka,34.8888483,135.6701018,1372
shape_jr_haruka,34.8889099,135.6701654,1373
shape_jr_haruka,34.8890639,135.6703123,1374
shape_jr_haruka,34.8893323,135.6706060,1375
shape_jr_haruka,34.8895116,135.6708213,1376
shape_jr_haruka,34.8896739,135.6710164,1377
shape_jr_haruka,34.8898944,135.6713121,1378
shape_jr_haruka,34.8901155,135.6716461,1379
shape_jr_haruka,34.8903185,135.6719941,1380
shape_jr_haruka,34.8905127,135.6723300,1381
shape_jr_haruka,34.8906832,135.6726841,1382
shape_jr_haruka,34.8908581,135.6730830,1383
shape_jr_haruka,34.8910126,135.6734726,1384
shape_jr_haruka,34.8911287,135.6737938,1385
shape_jr_haruka,34.8912403,135.6741727,1386
shape_jr_haruka,34.8913454,135.6745790,1387
shape_jr_haruka,34.8914323,135.6749673,1388
shape_jr_haruka,34.8914680,135.6751651,1389
shape_jr_haruka,34.8914824,135.6752382,1390
shape_jr_haruka,34.8915107,135.6753648,1391
shape_jr_haruka,34.8915778,135.6757723,1392
shape_jr_haruka,34.8916512,135.6762373,1393
shape_jr_haruka,34.8917327,135.6767079,1394
shape_jr_haruka,34.8918287,135.6772226,1395
shape_jr_haruka,34.8919139,135.6776014,1396
shape_jr_haruka,34.8920090,135.6779615,1397
shape_jr_haruka,34.8921026,135.6783182,1398
shape_jr_haruka,34.8922111,135.6786949,1399
shape_jr_haruka,34.8925670,135.6797274,1400
shape_jr_haruka,34.8926169,135.6798701,1401
shape_jr_haruka,34.8928324,135.6804961,1402
shape_jr_haruka,34.8929324,135.6807426,1403
shape_jr_haruka,34.8930477,135.6810123,1404
shape_jr_haruka,34.8931701,135.6812711,1405
shape_jr_haruka,34.8932258,135.6813795,1406
shape_jr_haruka,34.8932943,135.6815026,1407
shape_jr_haruka,34.8933667,135.6816272,1408
shape_jr_haruka,34.8934454,135.6817541,1409
shape_jr_haruka,34.8935506,135.6819156,1410
shape_jr_haruka,34.8936330,135.6820302,1411
shape_jr_haruka,34.8937453,135.6821840,1412
shape_jr_haruka,34.8938550,135.6823291,1413
shape_jr_haruka,34.8939595,135.6824628,1414
shape_jr_haruka,34.8940665,135.6825879,1415
shape_jr_haruka,34.8943098,135.6828457,1416
shape_jr_haruka,34.8945646,135.6830718,1417
shape_jr_haruka,34.8948328,135.6832810,1418
shape_jr_haruka,34.8950104,135.6834030,1419
shape_jr_haruka,34.8951209,135.6834762,1420
shape_jr_haruka,34.8951299,135.6834812,1421
shape_jr_haruka,34.8951546,135.6834962,1422
shape_jr_haruka,34.8952224,135.6835394,1423
shape_jr_haruka,34.8953999,135.6836421,1424
shape_jr_haruka,34.8956871,135.6837934,1425
shape_jr_haruka,34.8959879,135.6839238,1426
shape_jr_haruka,34.8962841,135.6840331,1427
shape_jr_haruka,34.8966836,135.6841590,1428
shape_jr_haruka,34.8970414,135.6842662,1429
shape_jr_haruka,34.8974772,135.6843877,1430
shape_jr_haruka,34.8978722,135.6845014,1431
shape_jr_haruka,34.8982689,135.6846163,1432
shape_jr_haruka,34.8986684,135.6847279,1433
shape_jr_haruka,34.8990317,135.6848328,1434
shape_jr_haruka,34.8994599,135.6849578,1435
shape_jr_haruka,34.8998546,135.6850751,1436
shape_jr_haruka,34.9000448,135.6851324,1437
shape_jr_haruka,34.9000821,135.6851433,1438
shape_jr_haruka,34.9002560,135.6851979,1439
shape_jr_haruka,34.9006536,135.6853153,1440
shape_jr_haruka,34.9010401,135.6854454,1441
shape_jr_haruka,34.9014310,135.6855909,1442
shape_jr_haruka,34.9018137,135.6857392,1443
shape_jr_haruka,34.9021644,135.6858893,1444
shape_jr_haruka,34.9025091,135.6860457,1445
shape_jr_haruka,34.9035983,135.6866452,1446
shape_jr_haruka,34.9039684,135.6868647,1447
shape_jr_haruka,34.9043610,135.6871238,1448
shape_jr_haruka,34.9045152,135.6872338,1449
shape_jr_haruka,34.9047309,135.6874044,1450
shape_jr_haruka,34.9051008,135.6876819,1451
shape_jr_haruka,34.9053980,135.6879389,1452
shape_jr_haruka,34.9057532,135.6882525,1453
shape_jr_haruka,34.9060658,135.6885517,1454
shape_jr_haruka,34.9062836,135.6887643,1455
shape_jr_haruka,34.9063534,135.6888347,1456
shape_jr_haruka,34.9067042,135.6891914,1457
shape_jr_haruka,34.9070166,135.6895186,1458
shape_jr_haruka,34.9073201,135.6898304,1459
shape_jr_haruka,34.9076336,135.6901603,1460
shape_jr_haruka,34.9079404,135.6904827,1461
shape_jr_haruka,34.9079956,135.6905427,1462
shape_jr_haruka,34.9081761,135.6907319,1463
shape_jr_haruka,34.9082522,135.6908102,1464
shape_jr_haruka,34.9085394,135.6911067,1465
shape_jr_haruka,34.9086988,135.6912756,1466
shape_jr_haruka,34.9088311,135.6914169,1467
shape_jr_haruka,34.9091623,135.6917571,1468
shape_jr_haruka,34.9094726,135.6920846,1469
shape_jr_haruka,34.9097800,135.6924021,1470
shape_jr_haruka,34.9100806,135.6927269,1471
shape_jr_haruka,34.9103947,135.6930480,1472
shape_jr_haruka,34.9107028,135.6933709,1473
shape_jr_haruka,34.9109937,135.6936720,1474
shape_jr_haruka,34.9113370,135.6940312,1475
shape_jr_haruka,34.9114345,135.6941205,1476
shape_jr_haruka,34.9115729,135.6942585,1477
shape_jr_haruka,34.9119662,135.6946245,1478
shape_jr_haruka,34.9122087,135.6948430,1479
shape_jr_haruka,34.9125327,135.6951100,1480
shape_jr_haruka,34.9128769,135.6953795,1481
shape_jr_haruka,34.9132265,135.6956357,1482
shape_jr_haruka,34.9136096,135.6958964,1483
shape_jr_haruka,34.9139429,135.6961162,1484
shape_jr_haruka,34.9142925,135.6963283,1485
shape_jr_haruka,34.9146584,135.6965271,1486
shape_jr_haruka,34.9150329,135.6967275,1487
shape_jr_haruka,34.9153979,135.6969075,1488
shape_jr_haruka,34.9157792,135.6970876,1489
shape_jr_haruka,34.9161624,135.6972621,1490
shape_jr_haruka,34.9165418,135.6974512,1491
shape_jr_haruka,34.9169191,135.6976346,1492
shape_jr_haruka,34.9173219,135.6978064,1493
shape_jr_haruka,34.9175462,135.6979131,1494
shape_jr_haruka,34.9187941,135.6985065,1495
shape_jr_haruka,34.9193362,135.6987710,1496
shape_jr_haruka,34.9193992,135.6988004,1497
shape_jr_haruka,34.9195922,135.6988858,1498
shape_jr_haruka,34.9199628,135.6990586,1499
shape_jr_haruka,34.9201032,135.6991297,1500
shape_jr_haruka,34.9203405,135.6992324,1501
shape_jr_haruka,34.9205233,135.6993213,1502
shape_jr_haruka,34.9207180,135.6994159,1503
shape_jr_haruka,34.9218608,135.6999413,1504
shape_jr_haruka,34.9222411,135.7000994,1505
shape_jr_haruka,34.9229282,135.7003852,1506
shape_jr_haruka,34.9235249,135.7006908,1507
shape_jr_haruka,34.9239233,135.7008763,1508
shape_jr_haruka,34.9246063,135.7012162,1509
shape_jr_haruka,34.9249533,135.7014031,1510
shape_jr_haruka,34.9261132,135.7019739,1511
shape_jr_haruka,34.9266032,135.7022062,1512
shape_jr_haruka,34.9268055,135.7023069,1513
shape_jr_haruka,34.9270256,135.7024117,1514
shape_jr_haruka,34.9271615,135.7024764,1515
shape_jr_haruka,34.9272657,135.7025268,1516
shape_jr_haruka,34.9274221,135.7026003,1517
shape_jr_haruka,34.9278909,135.7028204,1518
shape_jr_haruka,34.9281963,135.7029606,1519
shape_jr_haruka,34.9285202,135.7031093,1520
shape_jr_haruka,34.9292814,135.7034631,1521
shape_jr_haruka,34.9301630,135.7038837,1522
shape_jr_haruka,34.9309555,135.7042580,1523
shape_jr_haruka,34.9317558,135.7046434,1524
shape_jr_haruka,34.9328173,135.7051615,1525
shape_jr_haruka,34.9328968,135.7051999,1526
shape_jr_haruka,34.9330089,135.7052540,1527
shape_jr_haruka,34.9331609,135.7053238,1528
shape_jr_haruka,34.9335015,135.7054779,1529
shape_jr_haruka,34.9335859,135.7055180,1530
shape_jr_haruka,34.9336210,135.7055347,1531
shape_jr_haruka,34.9342560,135.7058368,1532
shape_jr_haruka,34.9350118,135.7061884,1533
shape_jr_haruka,34.9357658,135.7065510,1534
shape_jr_haruka,34.9361316,135.7067227,1535
shape_jr_haruka,34.9365215,135.7069026,1536
shape_jr_haruka,34.9368994,135.7070868,1537
shape_jr_haruka,34.9373206,135.7072894,1538
shape_jr_haruka,34.9376612,135.7074464,1539
shape_jr_haruka,34.9380324,135.7076219,1540
shape_jr_haruka,34.9384031,135.7078017,1541
shape_jr_haruka,34.9388260,135.7079984,1542
shape_jr_haruka,34.9391756,135.7081452,1543
shape_jr_haruka,34.9395583,135.7082935,1544
shape_jr_haruka,34.9399530,135.7084403,1545
shape_jr_haruka,34.9403453,135.7085716,1546
shape_jr_haruka,34.9407322,135.7086832,1547
shape_jr_haruka,34.9411305,135.7087801,1548
shape_jr_haruka,34.9415300,135.7088645,1549
shape_jr_haruka,34.9419285,135.7089379,1550
shape_jr_haruka,34.9423343,135.7089986,1551
shape_jr_haruka,34.9427383,135.7090448,1552
shape_jr_haruka,34.9431344,135.7090775,1553
shape_jr_haruka,34.9439101,135.7091235,1554
shape_jr_haruka,34.9450996,135.7091950,1555
shape_jr_haruka,34.9476085,135.7093426,1556
shape_jr_haruka,34.9476634,135.7093458,1557
shape_jr_haruka,34.9480017,135.7093657,1558
shape_jr_haruka,34.9492075,135.7094333,1559
shape_jr_haruka,34.9504464,135.7094995,1560
shape_jr_haruka,34.9509685,135.7095291,1561
shape_jr_haruka,34.9513670,135.7095518,1562
shape_jr_haruka,34.9516882,135.7095700,1563
shape_jr_haruka,34.9518536,135.7095794,1564
shape_jr_haruka,34.9519032,135.7095822,1565
shape_jr_haruka,34.9519748,135.7095862,1566
shape_jr_haruka,34.9524922,135.7096155,1567
shape_jr_haruka,34.9527524,135.7096264,1568
shape_jr_haruka,34.9528846,135.7096304,1569
shape_jr_haruka,34.9536285,135.7096292,1570
shape_jr_haruka,34.9540400,135.7096402,1571
shape_jr_haruka,34.9544533,135.7096637,1572
shape_jr_haruka,34.9548825,135.7096917,1573
shape_jr_haruka,34.9556492,135.7097341,1574
shape_jr_haruka,34.9559789,135.7097584,1575
shape_jr_haruka,34.9563043,135.7097936,1576
shape_jr_haruka,34.9567014,135.7098428,1577
shape_jr_haruka,34.9571091,135.7098831,1578
shape_jr_haruka,34.9579586,135.7099351,1579
shape_jr_haruka,34.9583587,135.7099596,1580
shape_jr_haruka,34.9589198,135.7099940,1581
shape_jr_haruka,34.9597048,135.7100380,1582
shape_jr_haruka,34.9605205,135.7100674,1583
shape_jr_haruka,34.9616347,135.7100968,1584
shape_jr_haruka,34.9621853,135.7101144,1585
shape_jr_haruka,34.9625535,135.7101206,1586
shape_jr_haruka,34.9630181,135.7101238,1587
shape_jr_haruka,34.9632440,135.7101278,1588
shape_jr_haruka,34.9634690,135.7101388,1589
shape_jr_haruka,34.9636710,135.7101529,1590
shape_jr_haruka,34.9638714,135.7101749,1591
shape_jr_haruka,34.9643625,135.7102544,1592
shape_jr_haruka,34.9645596,135.7102966,1593
shape_jr_haruka,34.9647194,135.7103424,1594
shape_jr_haruka,34.9649446,135.7104017,1595
shape_jr_haruka,34.9652958,135.7105157,1596
shape_jr_haruka,34.9655652,135.7106113,1597
shape_jr_haruka,34.9659425,135.7107562,1598
shape_jr_haruka,34.9660518,135.7108032,1599
shape_jr_haruka,34.9665744,135.7110332,1600
shape_jr_haruka,34.9666027,135.7110463,1601
shape_jr_haruka,34.9672852,135.7113592,1602
shape_jr_haruka,34.9681343,135.7117340,1603
shape_jr_haruka,34.9688575,135.7120490,1604
shape_jr_haruka,34.9690571,135.7121438,1605
shape_jr_haruka,34.9692066,135.7122254,1606
shape_jr_haruka,34.9694663,135.7123671,1607
shape_jr_haruka,34.9696286,135.7124679,1608
shape_jr_haruka,34.9698440,135.7126179,1609
shape_jr_haruka,34.9700329,135.7127536,1610
shape_jr_haruka,34.9703348,135.7129948,1611
shape_jr_haruka,34.9706240,135.7132445,1612
shape_jr_haruka,34.9707893,135.7133945,1613
shape_jr_haruka,34.9708375,135.7134402,1614
shape_jr_haruka,34.9709525,135.7135530,1615
shape_jr_haruka,34.9710706,135.7136730,1616
shape_jr_haruka,34.9711945,135.7138051,1617
shape_jr_haruka,34.9712447,135.7138663,1618
shape_jr_haruka,34.9713814,135.7140223,1619
shape_jr_haruka,34.9714553,135.7141027,1620
shape_jr_haruka,34.9716253,135.7142876,1621
shape_jr_haruka,34.9717414,135.7144136,1622
shape_jr_haruka,34.9719745,135.7146825,1623
shape_jr_haruka,34.9721909,135.7149526,1624
shape_jr_haruka,34.9723473,135.7151554,1625
shape_jr_haruka,34.9724751,135.7153403,1626
shape_jr_haruka,34.9726178,135.7155551,1627
shape_jr_haruka,34.9726473,135.7155995,1628
shape_jr_haruka,34.9727122,135.7157052,1629
shape_jr_haruka,34.9728528,135.7159380,1630
shape_jr_haruka,34.9729168,135.7160533,1631
shape_jr_haruka,34.9729915,135.7161925,1632
shape_jr_haruka,34.9731361,135.7164650,1633
shape_jr_haruka,34.9733240,135.7168107,1634
shape_jr_haruka,34.9734420,135.7170363,1635
shape_jr_haruka,34.9736249,135.7173868,1636
shape_jr_haruka,34.9738344,135.7177925,1637
shape_jr_haruka,34.9740282,135.7181610,1638
shape_jr_haruka,34.9742505,135.7185703,1639
shape_jr_haruka,34.9744157,135.7188860,1640
shape_jr_haruka,34.9762041,135.7222736,1641
shape_jr_haruka,34.9763211,135.7225077,1642
shape_jr_haruka,34.9765530,135.7229537,1643
shape_jr_haruka,34.9767964,135.7234070,1644
shape_jr_haruka,34.9769904,135.7238013,1645
shape_jr_haruka,34.9770563,135.7239334,1646
shape_jr_haruka,34.9772470,135.7242942,1647
shape_jr_haruka,34.9773882,135.7245718,1648
shape_jr_haruka,34.9775469,135.7248702,1649
shape_jr_haruka,34.9778359,135.7253872,1650
shape_jr_haruka,34.9781507,135.7259809,1651
shape_jr_haruka,34.9787022,135.7270518,1652
shape_jr_haruka,34.9787612,135.7271690,1653
shape_jr_haruka,34.9789181,135.7274806,1654
shape_jr_haruka,34.9789977,135.7276285,1655
shape_jr_haruka,34.9791186,135.7278533,1656
shape_jr_haruka,34.9792807,135.7281456,1657
shape_jr_haruka,34.9797282,135.7290260,1658
shape_jr_haruka,34.9799031,135.7293840,1659
shape_jr_haruka,34.9802273,135.7300606,1660
shape_jr_haruka,34.9803861,135.7304033,1661
shape_jr_haruka,34.9806658,135.7309594,1662
shape_jr_haruka,34.9807337,135.7310884,1663
shape_jr_haruka,34.9809126,135.7314279,1664
shape_jr_haruka,34.9814980,135.7325494,1665
shape_jr_haruka,34.9816229,135.7327828,1666
shape_jr_haruka,34.9817044,135.7329349,1667
shape_jr_haruka,34.9819206,135.7333599,1668
shape_jr_haruka,34.9820827,135.7337076,1669
shape_jr_haruka,34.9822381,135.7340455,1670
shape_jr_haruka,34.9823855,135.7343825,1671
shape_jr_haruka,34.9825079,135.7347268,1672
shape_jr_haruka,34.9826430,135.7350640,1673
shape_jr_haruka,34.9827918,135.7354745,1674
shape_jr_haruka,34.9829339,135.7358937,1675
shape_jr_haruka,34.9830887,135.7364165,1676
shape_jr_haruka,34.9832013,135.7368194,1677
shape_jr_haruka,34.9833288,135.7372892,1678
shape_jr_haruka,34.9834395,135.7377158,1679
shape_jr_haruka,34.9835762,135.7382344,1680
shape_jr_haruka,34.9836990,135.7386904,1681
shape_jr_haruka,34.9838211,135.7391667,1682
shape_jr_haruka,34.9839317,135.7396107,1683
shape_jr_haruka,34.9840613,135.7400791,1684
shape_jr_haruka,34.9841906,135.7405622,1685
shape_jr_haruka,34.9843180,135.7410255,1686
shape_jr_haruka,34.9844274,135.7414464,1687
shape_jr_haruka,34.9845668,135.7419772,1688
shape_jr_haruka,34.9846936,135.7424397,1689
shape_jr_haruka,34.9848150,135.7429144,1690
shape_jr_haruka,34.9848800,135.7431743,1691
shape_jr_haruka,34.9849564,135.7435357,1692
shape_jr_haruka,34.9850004,135.7437648,1693
shape_jr_haruka,34.9850791,135.7441536,1694
shape_jr_haruka,34.9851506,135.7445634,1695
shape_jr_haruka,34.9852077,135.7449445,1696
shape_jr_haruka,34.9852547,135.7453299,1697
shape_jr_haruka,34.9853036,135.7457751,1698
shape_jr_haruka,34.9853425,135.7462666,1699
shape_jr_haruka,34.9853733,135.7468155,1700
shape_jr_haruka,34.9853877,135.7473181,1701
shape_jr_haruka,34.9853941,135.7478427,1702
shape_jr_haruka,34.9854004,135.7482503,1703
shape_jr_haruka,34.9854089,135.7489480,1704
shape_jr_haruka,34.9854212,135.7499027,1705
shape_jr_haruka,34.9854329,135.7506975,1706
shape_jr_haruka,34.9854392,135.7511254,1707
shape_jr_haruka,34.9854501,135.7516876,1708
shape_jr_haruka,34.9854573,135.7522432,1709
shape_jr_haruka,34.9854756,135.7532485,1710
shape_jr_haruka,34.9854839,135.7536701,1711
shape_jr_haruka,34.9854827,135.7539046,1712
shape_jr_haruka,34.9855064,135.7542658,1713
shape_jr_haruka,34.9855312,135.7545947,1714
shape_jr_haruka,34.9855553,135.7548271,1715
shape_jr_haruka,34.9855627,135.7549346,1716
shape_jr_haruka,34.9855731,135.7550873,1717
shape_jr_haruka,34.9855925,135.7555021,1718
shape_jr_haruka,34.9856044,135.7558296,1719
shape_jr_haruka,34.9856100,135.7562076,1720
