shape_id,shape_pt_sequence,shape_pt_lon,shape_pt_lat
1011,1,127.804507,26.334091
1011,2,127.8045074,26.33409133
1011,3,127.804602,26.334163
1011,4,127.804786,26.333984
1011,5,127.803762,26.333164
1011,6,127.804307,26.332753
1011,7,127.8054,26.332608
1011,8,127.805669,26.332509
1011,9,127.806054,26.332187
1011,10,127.806579,26.33155
1011,11,127.807237,26.330942
1011,12,127.807747,26.330695
1011,13,127.808048,26.330642
1011,14,127.808621,26.330731
1011,15,127.809454,26.330778
1011,16,127.810007,26.330588
1011,17,127.809748,26.329475
1011,18,127.8097052,26.32913782
1011,19,127.809658,26.328766
1011,20,127.809755,26.328467
1011,21,127.810498,26.327736
1011,22,127.8105493,26.32742312
1011,23,127.810561,26.327352
1011,24,127.810459,26.326667
1011,25,127.810316,26.326185
1011,26,127.809484,26.326468
1011,27,127.807939,26.327119
1011,28,127.80702,26.32768
1011,29,127.80605,26.327984
1011,30,127.805124,26.32855
1011,31,127.80353,26.328961
1011,32,127.803087,26.328507
1011,33,127.80327,26.32836
1011,34,127.80329,26.328159
1011,35,127.803219,26.327793
1011,36,127.803153,26.327712
1011,37,127.803022,26.327714
1011,38,127.8029265,26.32773969
1011,39,127.802576,26.327834
1011,40,127.802018,26.327108
1011,41,127.801947,26.326459
1011,42,127.801756,26.326212
1011,43,127.80096,26.326063
1011,44,127.800178,26.325558
1011,45,127.799962,26.324911
1011,46,127.799739,26.324733
1011,47,127.799221,26.324545
1011,48,127.799084,26.324336
1011,49,127.798963,26.32369
1011,50,127.798706,26.323331
1011,51,127.798408,26.323146
1011,52,127.798098,26.323046
1011,53,127.7975286,26.32298786
1011,54,127.795748,26.322806
1011,55,127.795133,26.322543
1011,56,127.793969,26.322278
1011,57,127.793423,26.322199
1011,58,127.79318,26.319951
1011,59,127.7932077,26.31940609
1011,60,127.793215,26.319262
1011,61,127.793803,26.317362
1011,62,127.793802,26.316952
1011,63,127.793728,26.316498
1011,64,127.794974,26.316302
1011,65,127.796376,26.316284
1011,66,127.796347,26.316897
1011,67,127.796595,26.31687
1011,68,127.7966919,26.31670215
1011,69,127.796703,26.316683
1011,70,127.796579,26.316617
1011,71,127.796469,26.316821
1011,72,127.796412,26.316822
1011,73,127.796449,26.31616
1011,74,127.794944,26.316161
1011,75,127.791284,26.316838
1011,76,127.790694,26.317177
1011,77,127.790326,26.317543
1011,78,127.790109,26.317949
1011,79,127.78988,26.31882
1011,80,127.7898447,26.31889479
1011,81,127.789598,26.319418
1011,82,127.789452,26.319896
1011,83,127.789339,26.320962
1011,84,127.789079,26.321879
1011,85,127.78883,26.32194
1011,86,127.78842,26.321599
1011,87,127.786732,26.320656
1011,88,127.786246,26.320439
1011,89,127.7850316,26.32028804
1011,90,127.784452,26.320216
1011,91,127.784315,26.320918
1011,92,127.7841795,26.32124977
1011,93,127.781972,26.326655
1011,94,127.7821153,26.32669435
1011,95,127.782347,26.326758
1011,96,127.782394,26.326621
1011,97,127.782192,26.326557
1011,98,127.782147,26.326658
1011,99,127.781958,26.3267
1011,100,127.780997,26.329061
1011,101,127.783527,26.329889
1011,102,127.783674,26.329518
1011,103,127.7839481,26.32914412
1011,104,127.783957,26.329132
1011,105,127.784585,26.328616
1011,106,127.784766,26.328389
1011,107,127.784977,26.327824
1011,108,127.7857044,26.32667681
1011,109,127.785871,26.326414
1011,110,127.786793,26.326779
1011,111,127.7870467,26.32704206
1011,112,127.787392,26.3274
1011,113,127.788278,26.327788
1011,114,127.789736,26.329228
1011,115,127.789828,26.329372
1011,116,127.789941,26.329766
1011,117,127.79061,26.33098892
1011,118,127.79093,26.331574
1011,119,127.791843,26.332907
1011,120,127.7913954,26.33321097
1011,121,127.79117,26.333364
1011,122,127.789942,26.3341211
1011,123,127.7889625,26.3347106
1011,124,127.7888322,26.334758
1011,125,127.7887349,26.3347804
1011,126,127.7886484,26.334786
1011,127,127.7884738,26.3347749
1011,128,127.7883552,26.3347262
1011,129,127.7873435,26.3342147
1011,130,127.7870919,26.3342287
1011,131,127.7868913,26.3343206
1011,132,127.7866401,26.334268
1011,133,127.7865593,26.3344017
1011,134,127.7866871,26.33444269
1011,135,127.7868267,26.3344875
1011,136,127.7870244,26.3343667
1011,137,127.7871997,26.334316
1011,138,127.7879035,26.3346937
1011,139,127.7885344,26.3349844
1011,140,127.7886803,26.3349696
1011,141,127.7911414,26.3334263
1011,142,127.7912255,26.3334333
1011,143,127.7927321,26.3353596
1011,144,127.7928237,26.335447
1011,145,127.792969,26.3355008
1011,146,127.7931867,26.3354831
1011,147,127.7933237,26.335491
1011,148,127.79345,26.335511
1011,149,127.7935848,26.335553
1011,150,127.7944408,26.3359394
1011,151,127.794577,26.3360144
1011,152,127.7946391,26.33605225
1011,153,127.7947079,26.3360942
1011,154,127.7948543,26.3362032
1011,155,127.79575,26.336968
1011,156,127.796264,26.337498
1011,157,127.7983894,26.3363146
1011,158,127.799636,26.336825
1011,159,127.8005155,26.33744107
1011,160,127.801242,26.33795
1011,161,127.798845,26.340432
1011,162,127.7988459,26.34085992
1011,163,127.798848,26.34188
1011,164,127.798795,26.341971
1011,165,127.798693,26.341994
1011,166,127.797367,26.339908
1011,167,127.797084,26.33847
1011,168,127.796911,26.338042
1011,169,127.7963584,26.3374316
1011,170,127.7983809,26.3363028
1011,171,127.7994948,26.33569734
1011,172,127.8008797,26.3349446
1011,173,127.8013984,26.3347486
1011,174,127.8019011,26.3345934
1011,175,127.8021767,26.3344552
1011,176,127.802573,26.334168
1011,177,127.803117,26.3337225
1011,178,127.8032777,26.3335719
1011,179,127.8034948,26.3333957
1011,180,127.8036087,26.3333973
1011,181,127.8039958,26.3336844
1011,182,127.804501,26.334087
2011,1,127.804507,26.334091
2011,2,127.8045074,26.33409133
2011,3,127.804602,26.334163
2011,4,127.804786,26.333984
2011,5,127.803762,26.333164
2011,6,127.804307,26.332753
2011,7,127.8054,26.332608
2011,8,127.805669,26.332509
2011,9,127.806054,26.332187
2011,10,127.806579,26.33155
2011,11,127.807237,26.330942
2011,12,127.807747,26.330695
2011,13,127.808299,26.331639
2011,14,127.808751,26.331961
2011,15,127.8092386,26.3320715
2011,16,127.814228,26.333202
2011,17,127.8150168,26.33358807
2011,18,127.817722,26.334912
2011,19,127.818843,26.335531
2011,20,127.819332,26.335982
2011,21,127.8194329,26.33612057
2011,22,127.82105,26.338342
2011,23,127.822506,26.341334
2011,24,127.823212,26.341993
2011,25,127.823791,26.34235
2011,26,127.8241503,26.34170994
2011,27,127.825071,26.34007
2011,28,127.826235,26.340539
2011,29,127.828278,26.341601
2011,30,127.827936,26.34219476
2011,31,127.8250051,26.34728285
2011,32,127.823593,26.349734
2011,33,127.822841,26.352014
2011,34,127.822563,26.353252
2011,35,127.8221498,26.3531734
2011,36,127.821743,26.353096
2011,37,127.817676,26.351903
2011,38,127.8177948,26.3515027
2011,39,127.8186154,26.34873876
2011,40,127.818903,26.34777
2011,41,127.8173688,26.34713285
2011,42,127.816016,26.346571
2011,43,127.8143945,26.34603969
2011,44,127.813251,26.345665
2011,45,127.81352,26.344908
2011,46,127.813736,26.342516
2011,47,127.815579,26.339158
2011,48,127.8147986,26.33877496
2011,49,127.814542,26.338649
2011,50,127.814137,26.338523
2011,51,127.810419,26.338008
2011,52,127.8102124,26.33881942
2011,53,127.810157,26.339037
2011,54,127.810362,26.339488
2011,55,127.810371,26.339773
2011,56,127.810165,26.340135
2011,57,127.809256,26.341151
2011,58,127.8088474,26.34142068
2011,59,127.808547,26.341619
2011,60,127.808408,26.341921
2011,61,127.808434,26.342182
2011,62,127.808702,26.342835
2011,63,127.808777,26.343572
2011,64,127.808161,26.34367
2011,65,127.807926,26.343917
2011,66,127.80775,26.343986
2011,67,127.806911,26.344028
2011,68,127.806627,26.3441
2011,69,127.806396,26.344076
2011,70,127.806073,26.343888
2011,71,127.805772,26.343787
2011,72,127.8055192,26.34365139
2011,73,127.805293,26.34353
2011,74,127.804218,26.3431
2011,75,127.803912,26.343561
2011,76,127.803629,26.344135
2011,77,127.803707,26.344406
2011,78,127.80275,26.344822
2011,79,127.802621,26.345408
2011,80,127.8026134,26.34566011
2011,81,127.802585,26.346607
2011,82,127.80244,26.346735
2011,83,127.801494,26.346733
2011,84,127.7996942,26.34365247
2011,85,127.799178,26.342769
2011,86,127.798896,26.341935
2011,87,127.7988862,26.3408773
2011,88,127.798882,26.340417
2011,89,127.798502,26.339763
2011,90,127.79825,26.339489
2011,91,127.797784,26.339176
2011,92,127.79876,26.337622
2011,93,127.799133,26.33720492
2011,94,127.79953,26.336761
2011,95,127.798405,26.336301
2011,96,127.7995046,26.33571183
2011,97,127.800932,26.334947
2011,98,127.801944,26.334603
2011,99,127.802573,26.334168
2011,100,127.803551,26.333354
2011,101,127.804501,26.334087
3011,1,127.828953,26.388333
3011,2,127.8289527,26.38833423
3011,3,127.828946,26.388364
3011,4,127.828707,26.38854
3011,5,127.828597,26.388675
3011,6,127.828484,26.388635
3011,7,127.82858,26.388417
3011,8,127.82864,26.388136
3011,9,127.828598,26.387648
3011,10,127.827864,26.386231
3011,11,127.827791,26.386023
3011,12,127.828013,26.385638
3011,13,127.828462,26.385066
3011,14,127.828594,26.384796
3011,15,127.828683,26.384539
3011,16,127.828712,26.384174
3011,17,127.828682,26.384116
3011,18,127.828705,26.384093
3011,19,127.828679,26.38411
3011,20,127.828324,26.383427
3011,21,127.827987,26.382465
3011,22,127.827609,26.381049
3011,23,127.827558,26.380459
3011,24,127.827585,26.380342
3011,25,127.827829,26.379829
3011,26,127.827888,26.379585
3011,27,127.827877,26.37932
3011,28,127.82776,26.378958
3011,29,127.827715,26.378898
3011,30,127.827735,26.378878
3011,31,127.82771,26.378892
3011,32,127.827563,26.378699
3011,33,127.826868,26.378536
3011,34,127.826237,26.378532
3011,35,127.825894,26.378648
3011,36,127.825545,26.378868
3011,37,127.825401,26.378919
3011,38,127.824839,26.378984
3011,39,127.824138,26.378557
3011,40,127.822139,26.377149
3011,41,127.821715,26.376605
3011,42,127.821631,26.376446
3011,43,127.821663,26.37642
3011,44,127.821624,26.376432
3011,45,127.821525,26.376244
3011,46,127.821155,26.374752
3011,47,127.820611,26.371881
3011,48,127.820646,26.37186
3011,49,127.820609,26.371871
3011,50,127.820586,26.371743
3011,51,127.82042,26.371186
3011,52,127.820216,26.37075
3011,53,127.819732,26.370057
3011,54,127.817843,26.367742
3011,55,127.817274,26.367156
3011,56,127.817132,26.367104
3011,57,127.816976,26.36715
3011,58,127.815802,26.368144
3011,59,127.816147,26.368351
3011,60,127.816303,26.368246
3011,61,127.8163403,26.36825843
3011,62,127.816342,26.368259
3011,63,127.816324,26.368232
3011,64,127.816672,26.367998
3011,65,127.816412,26.367681
3011,66,127.817011,26.367179
3011,67,127.817136,26.367174
3011,68,127.817431,26.367439
3011,69,127.817656,26.36744
3011,70,127.819529,26.366281
3011,71,127.81957,26.366297
3011,72,127.8195687,26.36629362
3011,73,127.819557,26.366264
3011,74,127.819877,26.366059
3011,75,127.819885,26.365929
3011,76,127.819061,26.365227
3011,77,127.818376,26.364977
3011,78,127.81735,26.36446
3011,79,127.817273,26.364121
3011,80,127.817167,26.363996
3011,81,127.817014,26.363946
3011,82,127.816868,26.363965
3011,83,127.816819,26.363971
3011,84,127.8168189,26.36397198
3011,85,127.816816,26.364008
3011,86,127.816688,26.364118
3011,87,127.816576,26.364338
3011,88,127.815682,26.364712
3011,89,127.815485,26.364737
3011,90,127.815129,26.364697
3011,91,127.815077,26.364905
3011,92,127.814964,26.365079
3011,93,127.813324,26.362455
3011,94,127.813142,26.361847
3011,95,127.813258,26.360614
3011,96,127.812659,26.360594
3011,97,127.812648,26.36056
3011,98,127.812639,26.360593
3011,99,127.81113,26.360551
3011,100,127.8104,26.360367
3011,101,127.809963,26.360121
3011,102,127.809561,26.359798
3011,103,127.808927,26.359206
3011,104,127.808481,26.358878
3011,105,127.80747,26.358345
3011,106,127.807043,26.358154
3011,107,127.806054,26.357494
3011,108,127.8053883,26.3570163
3011,109,127.804999,26.356737
3011,110,127.804261,26.356281
3011,111,127.804544,26.355946
3011,112,127.804831,26.355236
3011,113,127.805016,26.354662
3011,114,127.80503,26.354102
3011,115,127.804907,26.353635
3011,116,127.804678,26.353204
3011,117,127.803998,26.35212
3011,118,127.804018,26.352087
3011,119,127.8040178,26.35208705
3011,120,127.803983,26.352098
3011,121,127.803868,26.351914
3011,122,127.803646,26.351463
3011,123,127.803043,26.349868
3011,124,127.80307,26.349796
3011,125,127.803027,26.349824
3011,126,127.802906,26.349503
3011,127,127.802418,26.348438
3011,128,127.801554,26.346824
3011,129,127.799701,26.34367
3011,130,127.799732,26.343639
3011,131,127.799696,26.343662
3011,132,127.799063,26.342585
3011,133,127.799048,26.342395
3011,134,127.79888,26.34187
3011,135,127.798893,26.34091
3011,136,127.798919,26.340887
3011,137,127.798894,26.340888
3011,138,127.7989,26.340446
3011,139,127.798689,26.340088
3011,140,127.79857,26.340042
3011,141,127.798164,26.340182
3011,142,127.798067,26.340565
3011,143,127.797874,26.340659
3011,144,127.796775,26.339107
3011,145,127.796025,26.33773
3011,146,127.79606,26.337608
3011,147,127.7994989,26.33570375
3011,148,127.799791,26.335542
3011,149,127.801092,26.334894
3011,150,127.801928,26.334614
3011,151,127.802412,26.334308
3011,152,127.80347,26.333413
3011,153,127.803618,26.333406
3011,154,127.8045044,26.33408973
3011,155,127.8045154,26.3341005
3012,1,127.80449,26.33411
3012,2,127.804602,26.334163
3012,3,127.805267,26.333531
3012,4,127.80418,26.332704
3012,5,127.803978,26.33283
3012,6,127.802229,26.334249
3012,7,127.801975,26.334421
3012,8,127.801195,26.334707
3012,9,127.800924,26.334928
3012,10,127.799927,26.33538
3012,11,127.798437,26.336212
3012,12,127.798437,26.336346
3012,13,127.799563,26.33679
3012,14,127.800511,26.337446
3012,15,127.80121,26.337929
3012,16,127.801218,26.33798
3012,17,127.799232,26.340038
3012,18,127.798842,26.340402
3012,19,127.79884,26.34086
3012,20,127.798836,26.341861
3012,21,127.798952,26.342444
3012,22,127.79896,26.342663
3012,23,127.799882,26.34422
3012,24,127.800304,26.344928
3012,25,127.801435,26.346826
3012,26,127.802365,26.348528
3012,27,127.80302,26.350002
3012,28,127.803621,26.351675
3012,29,127.803809,26.351977
3012,30,127.804027,26.35174
3012,31,127.804292,26.35104
3012,32,127.804482,26.350744
3012,33,127.804686,26.350594
3012,34,127.805402,26.350457
3012,35,127.806139,26.35044
3012,36,127.806056,26.35213
3012,37,127.806154,26.352331
3012,38,127.806945,26.35395
3012,39,127.807998,26.353663
3012,40,127.809009,26.353388
3012,41,127.810634,26.353343
3012,42,127.811497,26.353237
3012,43,127.813545,26.35272
3012,44,127.813968,26.352565
3012,45,127.814294,26.352391
3012,46,127.815303,26.351851
3012,47,127.815823,26.351741
3012,48,127.816343,26.351732
3012,49,127.816572,26.351752
3012,50,127.816688,26.351762
3012,51,127.817514,26.351983
3012,52,127.817575,26.352103
3012,53,127.817209,26.353435
3012,54,127.817183,26.353876
3012,55,127.817217,26.354344
3012,56,127.817339,26.354773
3012,57,127.817514,26.355196
3012,58,127.817686,26.355492
3012,59,127.819153,26.358026
3012,60,127.819257,26.358263
3012,61,127.819924,26.359394
3012,62,127.821765,26.362399
3012,63,127.82205,26.362864
3012,64,127.822427,26.363467
3012,65,127.822607,26.363647
3012,66,127.824674,26.36709
3012,67,127.825228,26.366847
3012,68,127.825801,26.36685
3012,69,127.825795,26.366759
3012,70,127.825338,26.366761
3012,71,127.825222,26.366762
3012,72,127.824639,26.367034
3012,73,127.826322,26.369821
3012,74,127.826627,26.370654
3012,75,127.826873,26.372261
3012,76,127.827017,26.373197
3012,77,127.826937,26.373287
3012,78,127.826383,26.3734
3012,79,127.824274,26.37383
3012,80,127.822444,26.374316
3012,81,127.822294,26.374398
3012,82,127.821625,26.374584
3012,83,127.82124,26.374747
3012,84,127.821103,26.374936
3012,85,127.821514,26.376413
3012,86,127.821653,26.376604
3012,87,127.822094,26.37721
3012,88,127.824551,26.378915
3012,89,127.825326,26.379338
3012,90,127.826547,26.380004
3012,91,127.827045,26.380433
3012,92,127.827406,26.380949
3012,93,127.827606,26.381457
3012,94,127.82768,26.381903
3012,95,127.827629,26.384667
3012,96,127.827612,26.385618
3012,97,127.827802,26.386252
3012,98,127.828484,26.387644
3012,99,127.828536,26.388002
3012,100,127.82875,26.38819
3012,101,127.82903,26.388255
3012,102,127.829035,26.3883
3012,103,127.828963,26.388352
3012,104,127.828707,26.38854
3012,105,127.828597,26.388675
3012,106,127.828484,26.388635
3012,107,127.82858,26.388417
3012,108,127.82864,26.388136
3012,109,127.828598,26.387648
3012,110,127.827864,26.386231
3012,111,127.827791,26.386023
3012,112,127.828013,26.385638
3012,113,127.828462,26.385066
3012,114,127.828594,26.384796
3012,115,127.828683,26.384539
3012,116,127.828712,26.384174
3012,117,127.828673,26.384099
3012,118,127.828324,26.383427
3012,119,127.827987,26.382465
3012,120,127.827609,26.381049
3012,121,127.827558,26.380459
3012,122,127.827585,26.380342
3012,123,127.827829,26.379829
3012,124,127.827888,26.379585
3012,125,127.827877,26.37932
3012,126,127.82776,26.378958
3012,127,127.827707,26.378889
3012,128,127.827563,26.378699
3012,129,127.826868,26.378536
3012,130,127.826237,26.378532
3012,131,127.825894,26.378648
3012,132,127.825545,26.378868
3012,133,127.825401,26.378919
3012,134,127.824839,26.378984
3012,135,127.824138,26.378557
3012,136,127.822139,26.377149
3012,137,127.821715,26.376605
3012,138,127.821622,26.376428
3012,139,127.821525,26.376244
3012,140,127.821155,26.374752
3012,141,127.820608,26.371857
3012,142,127.820586,26.371743
3012,143,127.82042,26.371186
3012,144,127.820216,26.37075
3012,145,127.819732,26.370057
3012,146,127.817843,26.367742
3012,147,127.817274,26.367156
3012,148,127.817132,26.367104
3012,149,127.816976,26.36715
3012,150,127.815802,26.368144
3012,151,127.816147,26.368351
3012,152,127.816316,26.368237
3012,153,127.816672,26.367998
3012,154,127.816412,26.367681
3012,155,127.817011,26.367179
3012,156,127.817136,26.367174
3012,157,127.817431,26.367439
3012,158,127.817656,26.36744
3012,159,127.819497,26.3663
3012,160,127.819558,26.366261
3012,161,127.819877,26.366059
3012,162,127.819885,26.365929
3012,163,127.819061,26.365227
3012,164,127.818376,26.364977
3012,165,127.81735,26.36446
3012,166,127.817273,26.364121
3012,167,127.817167,26.363996
3012,168,127.817014,26.363946
3012,169,127.816868,26.363965
3012,170,127.816831,26.363997
3012,171,127.816688,26.364118
3012,172,127.816576,26.364338
3012,173,127.815682,26.364712
3012,174,127.815485,26.364737
3012,175,127.815129,26.364697
3012,176,127.815077,26.364905
3012,177,127.814964,26.365079
3012,178,127.813324,26.362455
3012,179,127.813142,26.361847
3012,180,127.813258,26.360614
3012,181,127.812633,26.360595
3012,182,127.81113,26.360551
3012,183,127.8104,26.360367
3012,184,127.809963,26.360121
3012,185,127.809561,26.359798
3012,186,127.808927,26.359206
3012,187,127.808481,26.358878
3012,188,127.80747,26.358345
3012,189,127.807043,26.358154
3012,190,127.806054,26.357494
3012,191,127.805388,26.357016
3012,192,127.804999,26.356737
3012,193,127.804261,26.356281
3012,194,127.804544,26.355946
3012,195,127.804831,26.355236
3012,196,127.805016,26.354662
3012,197,127.80503,26.354102
3012,198,127.804907,26.353635
3012,199,127.804678,26.353204
3012,200,127.803978,26.352089
3012,201,127.803868,26.351914
3012,202,127.803646,26.351463
3012,203,127.803017,26.349796
3012,204,127.802906,26.349503
3012,205,127.802418,26.348438
3012,206,127.801554,26.346824
3012,207,127.799691,26.343654
3012,208,127.799063,26.342585
3012,209,127.799048,26.342395
3012,210,127.79888,26.34187
3012,211,127.798894,26.340877
3012,212,127.7989,26.340446
3012,213,127.798689,26.340088
3012,214,127.79857,26.340042
3012,215,127.798164,26.340182
3012,216,127.798067,26.340565
3012,217,127.797874,26.340659
3012,218,127.796775,26.339107
3012,219,127.796025,26.33773
3012,220,127.79606,26.337608
3012,221,127.799499,26.335704
3012,222,127.799791,26.335542
3012,223,127.801092,26.334894
3012,224,127.801928,26.334614
3012,225,127.802412,26.334308
3012,226,127.80347,26.333413
3012,227,127.803618,26.333406
3012,228,127.8045154,26.3341005
3013,1,127.80449,26.33411
3013,2,127.804602,26.334163
3013,3,127.805267,26.333531
3013,4,127.80418,26.332704
3013,5,127.803978,26.33283
3013,6,127.802229,26.334249
3013,7,127.801975,26.334421
3013,8,127.801195,26.334707
3013,9,127.800924,26.334928
3013,10,127.799927,26.33538
3013,11,127.798437,26.336212
3013,12,127.798437,26.336346
3013,13,127.799563,26.33679
3013,14,127.8005113,26.33744578
3013,15,127.80121,26.337929
3013,16,127.801218,26.33798
3013,17,127.799232,26.340038
3013,18,127.798842,26.340402
3013,19,127.7988401,26.34086014
3013,20,127.798836,26.341861
3013,21,127.798952,26.342444
3013,22,127.79896,26.342663
3013,23,127.799882,26.34422
3013,24,127.8003041,26.34492834
3013,25,127.801435,26.346826
3013,26,127.802365,26.348528
3013,27,127.80302,26.350002
3013,28,127.803621,26.351675
3013,29,127.803809,26.351977
3013,30,127.804027,26.35174
3013,31,127.804292,26.35104
3013,32,127.804482,26.350744
3013,33,127.804686,26.350594
3013,34,127.805402,26.350457
3013,35,127.806139,26.35044
3013,36,127.806056,26.35213
3013,37,127.8061541,26.3523309
3013,38,127.806945,26.35395
3013,39,127.8079977,26.35366337
3013,40,127.809009,26.353388
3013,41,127.810634,26.353343
3013,42,127.811497,26.353237
3013,43,127.813545,26.35272
3013,44,127.813968,26.352565
3013,45,127.8142942,26.35239053
3013,46,127.815303,26.351851
3013,47,127.815823,26.351741
3013,48,127.816343,26.351732
3013,49,127.8165724,26.35175195
3013,50,127.816688,26.351762
3013,51,127.817514,26.351983
3013,52,127.817575,26.352103
3013,53,127.817209,26.353435
3013,54,127.817183,26.353876
3013,55,127.817217,26.354344
3013,56,127.817339,26.354773
3013,57,127.817514,26.355196
3013,58,127.8176856,26.35549223
3013,59,127.819153,26.358026
3013,60,127.819257,26.358263
3013,61,127.819924,26.359394
3013,62,127.8217648,26.3623985
3013,63,127.82205,26.362864
3013,64,127.822427,26.363467
3013,65,127.822607,26.363647
3013,66,127.824674,26.36709
3013,67,127.825228,26.366847
3013,68,127.825801,26.36685
3013,69,127.825795,26.366759
3013,70,127.8253383,26.36676139
3013,71,127.825222,26.366762
3013,72,127.824639,26.367034
3013,73,127.826322,26.369821
3013,74,127.826627,26.370654
3013,75,127.8268734,26.37226096
3013,76,127.827017,26.373197
3013,77,127.826937,26.373287
3013,78,127.8263828,26.3734
3013,79,127.824274,26.37383
3013,80,127.822444,26.374316
3013,81,127.822294,26.374398
3013,82,127.821625,26.374584
3013,83,127.82124,26.374747
3013,84,127.821103,26.374936
3013,85,127.821514,26.376413
3013,86,127.8216533,26.37660445
3013,87,127.822094,26.37721
3013,88,127.824551,26.378915
3013,89,127.8253257,26.37933768
3013,90,127.826547,26.380004
3013,91,127.827045,26.380433
3013,92,127.827406,26.380949
3013,93,127.827606,26.381457
3013,94,127.82768,26.381903
3013,95,127.8276294,26.38466675
3013,96,127.827612,26.385618
3013,97,127.827802,26.386252
3013,98,127.828484,26.387644
3013,99,127.828536,26.388002
3013,100,127.82875,26.38819
3013,101,127.82903,26.388255
3013,102,127.829035,26.3883
3013,103,127.8289632,26.3883522
3013,104,127.828958,26.388356
4011,1,127.834041,26.33148
4011,2,127.832825,26.330193
4011,3,127.834269,26.329314
4011,4,127.83401,26.328893
4011,5,127.833979,26.328844
4011,6,127.833977,26.328824
4011,7,127.833964,26.328818
4011,8,127.832764,26.326869
4011,9,127.832621,26.326574
4011,10,127.832526,26.32629
4011,11,127.832458,26.325877
4011,12,127.832436,26.325569
4011,13,127.832452,26.325445
4011,14,127.832472,26.325404
4011,15,127.832461,26.325379
4011,16,127.832599,26.325058
4011,17,127.832778,26.324845
4011,18,127.833139,26.324617
4011,19,127.8344202,26.3241688
4011,20,127.8351172,26.3257092
4011,21,127.8355888,26.3255428
4011,22,127.834846,26.3239299
4011,23,127.8346301,26.3240081
4011,24,127.833851,26.324269
4011,25,127.832475,26.321073
4011,26,127.833147,26.32084
4011,27,127.833274,26.320828
4011,28,127.833326,26.320777
4011,29,127.837785,26.31923
4011,30,127.837658,26.318932
4011,31,127.837659,26.318894
4011,32,127.837635,26.318879
4011,33,127.836431,26.316062
4011,34,127.836433,26.316009
4011,35,127.836402,26.315994
4011,36,127.835817,26.314624
4011,37,127.835648,26.314432
4011,38,127.831371,26.315902
4011,39,127.831351,26.315888
4011,40,127.831351,26.315893
4011,41,127.83135,26.315909
4011,42,127.830447,26.316251
4011,43,127.8301,26.315484
4011,44,127.828053,26.310742
4011,45,127.827672,26.310098
4011,46,127.827074,26.3093
4011,47,127.826313,26.308592
4011,48,127.825326,26.307934
4011,49,127.824482,26.307526
4011,50,127.823435,26.307185
4011,51,127.820564,26.306728
4011,52,127.819461,26.306564
4011,53,127.819453,26.306557
4011,54,127.819444,26.306561
4011,55,127.8174,26.306282
4011,56,127.817092,26.306159
4011,57,127.816615,26.307146
4011,58,127.815888,26.308281
4011,59,127.815728,26.308531
4011,60,127.815509,26.308706
4011,61,127.815253,26.308818
4011,62,127.81474,26.30943
4011,63,127.81662,26.311854
4011,64,127.816993,26.312197
4011,65,127.818794,26.313851
4011,66,127.818988,26.314305
4011,67,127.819015,26.315195
4011,68,127.820359,26.315112
4011,69,127.820839,26.314972
4011,70,127.82123,26.314738
4011,71,127.821469,26.314496
4011,72,127.821679,26.314129
4011,73,127.821916,26.313093
4011,74,127.82212,26.312772
4011,75,127.822661,26.312554
4011,76,127.823729,26.314942
4011,77,127.825187,26.318202
4011,78,127.825544,26.318699
4011,79,127.825717,26.318878
4011,80,127.826476,26.319662
4011,81,127.828302,26.321315
4011,82,127.828813,26.321898
4011,83,127.828936,26.322132
4011,84,127.82924,26.322711
4011,85,127.827473,26.323477
4011,86,127.825777,26.323999
4011,87,127.825635,26.324043
4011,88,127.823848,26.324705
4011,89,127.8229,26.325287
4011,90,127.82202,26.325802
4011,91,127.821749,26.325902
4011,92,127.821527,26.325984
4011,93,127.819215,26.326498
4011,94,127.818582,26.326562
4011,95,127.818012,26.326495
4011,96,127.817578,26.32633
4011,97,127.817206,26.326108
4011,98,127.816897,26.325843
4011,99,127.816604,26.325547
4011,100,127.816321,26.325267
4011,101,127.816023,26.325087
4011,102,127.815707,26.324982
4011,103,127.815394,26.325001
4011,104,127.815148,26.325073
4011,105,127.814868,26.325254
4011,106,127.814652,26.325539
4011,107,127.814559,26.325831
4011,108,127.814452,26.326835
4011,109,127.814367,26.327637
4011,110,127.814272,26.32809
4011,111,127.814082,26.328446
4011,112,127.813676,26.32888
4011,113,127.813109,26.329365
4011,114,127.812706,26.329588
4011,115,127.812546,26.32964
4011,116,127.812609,26.329898
4011,117,127.812682,26.329894
4011,118,127.812702,26.3299
4011,119,127.812706,26.329899
4011,120,127.812718,26.329894
4011,121,127.812814,26.329886
4011,122,127.812716,26.32959
4011,123,127.81237,26.329698
4011,124,127.81171,26.329846
4011,125,127.811189,26.329977
4011,126,127.809737,26.330654
4011,127,127.809338,26.330749
4011,128,127.808582,26.330707
4011,129,127.808151,26.330601
4011,130,127.807858,26.330633
4011,131,127.807427,26.330786
4011,132,127.807018,26.331077
4011,133,127.806,26.332077
4011,134,127.805679,26.332356
4011,135,127.805362,26.332485
4011,136,127.804573,26.332554
4011,137,127.804032,26.33279
4011,138,127.803447,26.333287
4011,139,127.804501,26.334098
4011,140,127.804515,26.3341
4012,1,127.80449,26.33411
4012,2,127.804539,26.334134
4012,3,127.804602,26.334163
4012,4,127.804781,26.333976
4012,5,127.803755,26.333173
4012,6,127.804226,26.332806
4012,7,127.804773,26.332676
4012,8,127.805394,26.332611
4012,9,127.805692,26.33249
4012,10,127.806,26.332225
4012,11,127.806437,26.331716
4012,12,127.806663,26.331484
4012,13,127.807153,26.331033
4012,14,127.807494,26.330807
4012,15,127.807989,26.330656
4012,16,127.80932,26.330805
4012,17,127.809763,26.330703
4012,18,127.810172,26.330518
4012,19,127.810938,26.330121
4012,20,127.811467,26.329937
4012,21,127.812504,26.329696
4012,22,127.812553,26.329678
4012,23,127.812609,26.329898
4012,24,127.812689,26.329894
4012,25,127.812711,26.329899
4012,26,127.812716,26.3299
4012,27,127.812734,26.329893
4012,28,127.812814,26.329886
4012,29,127.812726,26.329612
4012,30,127.812778,26.329591
4012,31,127.813139,26.329401
4012,32,127.813803,26.328812
4012,33,127.814071,26.328525
4012,34,127.814305,26.328129
4012,35,127.814395,26.327725
4012,36,127.814472,26.327012
4012,37,127.814595,26.325865
4012,38,127.814713,26.325531
4012,39,127.814801,26.325384
4012,40,127.814971,26.325219
4012,41,127.81519,26.325096
4012,42,127.815473,26.325029
4012,43,127.815741,26.325027
4012,44,127.816029,26.32512
4012,45,127.816278,26.325278
4012,46,127.816872,26.325867
4012,47,127.817221,26.326159
4012,48,127.817592,26.326377
4012,49,127.818017,26.326522
4012,50,127.818382,26.326587
4012,51,127.818792,26.326588
4012,52,127.81935,26.326502
4012,53,127.821569,26.326005
4012,54,127.821838,26.325907
4012,55,127.82206,26.325826
4012,56,127.823851,26.324794
4012,57,127.824667,26.326232
4012,58,127.825521,26.327891
4012,59,127.825583,26.328011
4012,60,127.826904,26.330454
4012,61,127.827183,26.33091
4012,62,127.827468,26.331377
4012,63,127.827412,26.331687
4012,64,127.827196,26.331885
4012,65,127.826701,26.332135
4012,66,127.82655,26.332251
4012,67,127.826518,26.332407
4012,68,127.827076,26.334183
4012,69,127.827319,26.334679
4012,70,127.827509,26.334987
4012,71,127.827588,26.335115
4012,72,127.827652,26.335374
4012,73,127.82777,26.335565
4012,74,127.828476,26.336087
4012,75,127.82903,26.336569
4012,76,127.829713,26.336885
4012,77,127.830118,26.336981
4012,78,127.830653,26.33682
4012,79,127.831861,26.336455
4012,80,127.83231,26.335518
4012,81,127.832936,26.334916
4012,82,127.834332,26.333533
4012,83,127.835254,26.33262
4012,84,127.834596,26.3321
4012,85,127.83402,26.331504
4012,86,127.832884,26.33033
4012,87,127.832874,26.330149
4012,88,127.833522,26.329735
4012,89,127.834137,26.329373
4012,90,127.834197,26.329261
4012,91,127.83394,26.328836
4012,92,127.832761,26.326887
4012,93,127.832614,26.326597
4012,94,127.832553,26.326452
4012,95,127.832514,26.326295
4012,96,127.832473,26.326139
4012,97,127.832442,26.325884
4012,98,127.832417,26.325567
4012,99,127.832449,26.325394
4012,100,127.832455,26.325359
4012,101,127.83256,26.325107
4012,102,127.832787,26.324819
4012,103,127.833053,26.324639
4012,104,127.8344202,26.3241688
4012,105,127.8351172,26.3257092
4012,106,127.8355888,26.3255428
4012,107,127.834846,26.3239299
4012,108,127.8346301,26.3240081
4012,109,127.833851,26.324269
4012,110,127.833171,26.322748
4012,111,127.832496,26.321131
4012,112,127.832545,26.321042
4012,113,127.833265,26.320793
4012,114,127.837785,26.31923
4012,115,127.837641,26.318894
4012,116,127.83641,26.316011
4012,117,127.835817,26.314624
4012,118,127.835661,26.314445
4012,119,127.831348,26.315939
4012,120,127.830419,26.316261
4012,121,127.828053,26.310742
4012,122,127.827672,26.310098
4012,123,127.827074,26.3093
4012,124,127.826313,26.308592
4012,125,127.825326,26.307934
4012,126,127.824482,26.307526
4012,127,127.823435,26.307185
4012,128,127.819563,26.306597
4012,129,127.819456,26.306584
4012,130,127.817946,26.306396
4012,131,127.817499,26.306343
4012,132,127.817164,26.306268
4012,133,127.817016,26.306319
4012,134,127.816615,26.307146
4012,135,127.815888,26.308281
4012,136,127.815728,26.308531
4012,137,127.815509,26.308706
4012,138,127.815253,26.308818
4012,139,127.81474,26.30943
4012,140,127.81662,26.311854
4012,141,127.816993,26.312197
4012,142,127.818794,26.313851
4012,143,127.818988,26.314305
4012,144,127.819015,26.315195
4012,145,127.820359,26.315112
4012,146,127.820839,26.314972
4012,147,127.82123,26.314738
4012,148,127.821469,26.314496
4012,149,127.821679,26.314129
4012,150,127.821916,26.313093
4012,151,127.82212,26.312772
4012,152,127.822661,26.312554
4012,153,127.823729,26.314942
4012,154,127.825187,26.318202
4012,155,127.825544,26.318699
4012,156,127.825717,26.318878
4012,157,127.826476,26.319662
4012,158,127.828302,26.321315
4012,159,127.828813,26.321898
4012,160,127.828937,26.322132
4012,161,127.829187,26.322607
4012,162,127.829117,26.322759
4012,163,127.827473,26.323477
4012,164,127.825773,26.32399
4012,165,127.825597,26.324043
4012,166,127.823848,26.324705
4012,167,127.8229,26.325287
4012,168,127.82202,26.325802
4012,169,127.821749,26.325902
4012,170,127.821527,26.325984
4012,171,127.819215,26.326498
4012,172,127.818582,26.326562
4012,173,127.818012,26.326495
4012,174,127.817578,26.32633
4012,175,127.817206,26.326108
4012,176,127.816897,26.325843
4012,177,127.816604,26.325547
4012,178,127.816321,26.325267
4012,179,127.816023,26.325087
4012,180,127.815707,26.324982
4012,181,127.815394,26.325001
4012,182,127.815148,26.325073
4012,183,127.814868,26.325254
4012,184,127.814652,26.325539
4012,185,127.814559,26.325831
4012,186,127.814452,26.326835
4012,187,127.814367,26.327637
4012,188,127.814272,26.32809
4012,189,127.814082,26.328446
4012,190,127.813676,26.32888
4012,191,127.813109,26.329365
4012,192,127.812706,26.329588
4012,193,127.812546,26.32964
4012,194,127.812609,26.329898
4012,195,127.812682,26.329894
4012,196,127.812702,26.3299
4012,197,127.812706,26.329899
4012,198,127.812718,26.329894
4012,199,127.812814,26.329886
4012,200,127.812716,26.32959
4012,201,127.81237,26.329698
4012,202,127.81171,26.329846
4012,203,127.811189,26.329977
4012,204,127.809737,26.330654
4012,205,127.809338,26.330749
4012,206,127.808582,26.330707
4012,207,127.808151,26.330601
4012,208,127.807858,26.330633
4012,209,127.807427,26.330786
4012,210,127.807018,26.331077
4012,211,127.806,26.332077
4012,212,127.805679,26.332356
4012,213,127.805362,26.332485
4012,214,127.804573,26.332554
4012,215,127.804032,26.33279
4012,216,127.803447,26.333287
4012,217,127.804488,26.334082
4012,218,127.804515,26.3341
4013,1,127.80449,26.33411
4013,2,127.8045392,26.3341335
4013,3,127.804602,26.334163
4013,4,127.804781,26.333976
4013,5,127.803755,26.333173
4013,6,127.804226,26.332806
4013,7,127.804773,26.332676
4013,8,127.805394,26.332611
4013,9,127.805692,26.33249
4013,10,127.806,26.332225
4013,11,127.806437,26.331716
4013,12,127.806663,26.331484
4013,13,127.807153,26.331033
4013,14,127.807494,26.330807
4013,15,127.807989,26.330656
4013,16,127.80932,26.330805
4013,17,127.809763,26.330703
4013,18,127.810172,26.330518
4013,19,127.810938,26.330121
4013,20,127.811467,26.329937
4013,21,127.812504,26.329696
4013,22,127.812553,26.329678
4013,23,127.812609,26.329898
4013,24,127.812689,26.329894
4013,25,127.8127106,26.3298988
4013,26,127.812716,26.3299
4013,27,127.812734,26.329893
4013,28,127.812814,26.329886
4013,29,127.812726,26.329612
4013,30,127.812778,26.329591
4013,31,127.813139,26.329401
4013,32,127.813803,26.328812
4013,33,127.814071,26.328525
4013,34,127.814305,26.328129
4013,35,127.814395,26.327725
4013,36,127.8144717,26.32701166
4013,37,127.814595,26.325865
4013,38,127.814713,26.325531
4013,39,127.814801,26.325384
4013,40,127.814971,26.325219
4013,41,127.81519,26.325096
4013,42,127.815473,26.325029
4013,43,127.815741,26.325027
4013,44,127.816029,26.32512
4013,45,127.816278,26.325278
4013,46,127.816872,26.325867
4013,47,127.817221,26.326159
4013,48,127.817592,26.326377
4013,49,127.818017,26.326522
4013,50,127.818382,26.326587
4013,51,127.818792,26.326588
4013,52,127.81935,26.326502
4013,53,127.821569,26.326005
4013,54,127.8218383,26.32590683
4013,55,127.82206,26.325826
4013,56,127.823851,26.324794
4013,57,127.824667,26.326232
4013,58,127.8255213,26.32789115
4013,59,127.825583,26.328011
4013,60,127.826904,26.330454
4013,61,127.8271828,26.3309102
4013,62,127.827468,26.331377
4013,63,127.827412,26.331687
4013,64,127.827196,26.331885
4013,65,127.826701,26.332135
4013,66,127.82655,26.332251
4013,67,127.826518,26.332407
4013,68,127.827076,26.334183
4013,69,127.827319,26.334679
4013,70,127.8275088,26.33498659
4013,71,127.827588,26.335115
4013,72,127.827652,26.335374
4013,73,127.82777,26.335565
4013,74,127.828476,26.336087
4013,75,127.82903,26.336569
4013,76,127.829713,26.336885
4013,77,127.830118,26.336981
4013,78,127.830653,26.33681956
4013,79,127.831861,26.336455
4013,80,127.83231,26.335518
4013,81,127.832936,26.334916
4013,82,127.834332,26.33353331
4013,83,127.8344263,26.3334399
