shape_id,shape_pt_lat,shape_pt_lon,shape_pt_sequence
shape_keio_line,35.6692008,139.4687107,1
shape_keio_line,35.6701582,139.4689956,2
shape_keio_line,35.6702053,139.4690096,3
shape_keio_line,35.6704178,139.4690748,4
shape_keio_line,35.6705833,139.4691436,5
shape_keio_line,35.6707836,139.4692381,6
shape_keio_line,35.6709719,139.4693452,7
shape_keio_line,35.6711502,139.4694726,8
shape_keio_line,35.6713761,139.4696776,9
shape_keio_line,35.6714712,139.4697765,10
shape_keio_line,35.6716078,139.4699381,11
shape_keio_line,35.6717398,139.4701207,12
shape_keio_line,35.6718686,139.4703284,13
shape_keio_line,35.6719781,139.4705269,14
shape_keio_line,35.6720664,139.4707246,15
shape_keio_line,35.6721496,139.4709532,16
shape_keio_line,35.6722079,139.4711896,17
shape_keio_line,35.6723007,139.4716227,18
shape_keio_line,35.6723551,139.4718794,19
shape_keio_line,35.6726014,139.4730255,20
shape_keio_line,35.6727495,139.4737376,21
shape_keio_line,35.6728093,139.4740543,22
shape_keio_line,35.6728604,139.4744039,23
shape_keio_line,35.6728999,139.4748085,24
shape_keio_line,35.6729228,139.4752020,25
shape_keio_line,35.6729295,139.4756294,26
shape_keio_line,35.6729152,139.4759640,27
shape_keio_line,35.6728880,139.4763845,28
shape_keio_line,35.6728512,139.4767292,29
shape_keio_line,35.6727895,139.4771148,30
shape_keio_line,35.6727029,139.4776027,31
shape_keio_line,35.6725368,139.4784424,32
shape_keio_line,35.6725145,139.4785552,33
shape_keio_line,35.6722120,139.4801394,34
shape_keio_line,35.6718051,139.4822614,35
shape_keio_line,35.6716579,139.4830243,36
shape_keio_line,35.6706150,139.4884289,37
shape_keio_line,35.6703233,139.4899408,38
shape_keio_line,35.6701927,139.4906095,39
shape_keio_line,35.6698626,139.4923543,40
shape_keio_line,35.6697980,139.4926275,41
shape_keio_line,35.6697276,139.4928776,42
shape_keio_line,35.6694834,139.4935417,43
shape_keio_line,35.6694388,139.4936736,44
shape_keio_line,35.6691935,139.4943795,45
shape_keio_line,35.6691477,139.4944997,46
shape_keio_line,35.6691199,139.4945775,47
shape_keio_line,35.6690861,139.4946714,48
shape_keio_line,35.6687411,139.4956583,49
shape_keio_line,35.6683133,139.4968314,50
shape_keio_line,35.6681583,139.4972554,51
shape_keio_line,35.6678803,139.4980413,52
shape_keio_line,35.6672874,139.4996739,53
shape_keio_line,35.6668118,139.5010309,54
shape_keio_line,35.6667999,139.5010641,55
shape_keio_line,35.6662428,139.5026237,56
shape_keio_line,35.6660440,139.5031670,57
shape_keio_line,35.6659824,139.5033375,58
shape_keio_line,35.6657894,139.5038985,59
shape_keio_line,35.6656988,139.5042140,60
shape_keio_line,35.6656629,139.5043484,61
shape_keio_line,35.6654251,139.5054535,62
shape_keio_line,35.6650692,139.5071171,63
shape_keio_line,35.6650549,139.5071836,64
shape_keio_line,35.6649788,139.5075406,65
shape_keio_line,35.6649397,139.5077190,66
shape_keio_line,35.6648534,139.5081243,67
shape_keio_line,35.6648180,139.5082731,68
shape_keio_line,35.6644819,139.5098431,69
shape_keio_line,35.6642239,139.5110663,70
shape_keio_line,35.6639784,139.5122179,71
shape_keio_line,35.6638500,139.5128348,72
shape_keio_line,35.6637697,139.5132885,73
shape_keio_line,35.6636540,139.5140362,74
shape_keio_line,35.6636213,139.5142741,75
shape_keio_line,35.6635228,139.5148826,76
shape_keio_line,35.6633464,139.5159803,77
shape_keio_line,35.6632399,139.5164737,78
shape_keio_line,35.6631673,139.5167184,79
shape_keio_line,35.6630963,139.5169169,80
shape_keio_line,35.6630472,139.5170370,81
shape_keio_line,35.6629104,139.5173536,82
shape_keio_line,35.6621783,139.5189532,83
shape_keio_line,35.6617279,139.5199468,84
shape_keio_line,35.6606266,139.5223436,85
shape_keio_line,35.6604560,139.5227181,86
shape_keio_line,35.6604069,139.5228279,87
shape_keio_line,35.6600978,139.5235018,88
shape_keio_line,35.6594392,139.5249333,89
shape_keio_line,35.6593426,139.5251414,90
shape_keio_line,35.6591918,139.5254723,91
shape_keio_line,35.6586002,139.5267682,92
shape_keio_line,35.6579754,139.5281349,93
shape_keio_line,35.6576929,139.5287503,94
shape_keio_line,35.6571895,139.5298298,95
shape_keio_line,35.6571082,139.5300139,96
shape_keio_line,35.6569237,139.5304220,97
shape_keio_line,35.6565780,139.5311933,98
shape_keio_line,35.6561000,139.5322252,99
shape_keio_line,35.6556934,139.5331082,100
shape_keio_line,35.6552585,139.5340612,101
shape_keio_line,35.6548370,139.5349886,102
shape_keio_line,35.6546720,139.5353868,103
shape_keio_line,35.6545267,139.5357593,104
shape_keio_line,35.6543900,139.5361841,105
shape_keio_line,35.6530905,139.5406124,106
shape_keio_line,35.6529809,139.5409423,107
shape_keio_line,35.6526201,139.5419669,108
shape_keio_line,35.6525291,139.5422341,109
shape_keio_line,35.6524534,139.5424801,110
shape_keio_line,35.6524080,139.5426435,111
shape_keio_line,35.6523592,139.5428319,112
shape_keio_line,35.6522787,139.5431434,113
shape_keio_line,35.6521499,139.5436584,114
shape_keio_line,35.6518439,139.5448512,115
shape_keio_line,35.6517960,139.5450174,116
shape_keio_line,35.6517502,139.5451605,117
shape_keio_line,35.6517076,139.5452883,118
shape_keio_line,35.6516657,139.5454095,119
shape_keio_line,35.6516243,139.5455187,120
shape_keio_line,35.6515782,139.5456294,121
shape_keio_line,35.6514612,139.5459364,122
shape_keio_line,35.6513970,139.5461160,123
shape_keio_line,35.6513449,139.5462676,124
shape_keio_line,35.6512756,139.5464832,125
shape_keio_line,35.6512162,139.5466665,126
shape_keio_line,35.6510476,139.5472280,127
shape_keio_line,35.6507547,139.5482324,128
shape_keio_line,35.6504958,139.5491366,129
shape_keio_line,35.6503412,139.5496545,130
shape_keio_line,35.6501380,139.5503397,131
shape_keio_line,35.6500034,139.5509318,132
shape_keio_line,35.6499747,139.5511079,133
shape_keio_line,35.6499482,139.5512859,134
shape_keio_line,35.6498925,139.5518222,135
shape_keio_line,35.6497760,139.5532552,136
shape_keio_line,35.6496519,139.5549122,137
shape_keio_line,35.6496222,139.5554798,138
shape_keio_line,35.6496323,139.5560885,139
shape_keio_line,35.6497015,139.5566908,140
shape_keio_line,35.6497483,139.5569789,141
shape_keio_line,35.6498618,139.5574397,142
shape_keio_line,35.6500378,139.5579691,143
shape_keio_line,35.6503091,139.5586158,144
shape_keio_line,35.6505210,139.5590599,145
shape_keio_line,35.6508762,139.5597902,146
shape_keio_line,35.6511592,139.5604276,147
shape_keio_line,35.6524529,139.5631712,148
shape_keio_line,35.6525423,139.5633800,149
shape_keio_line,35.6529017,139.5641600,150
shape_keio_line,35.6536334,139.5656815,151
shape_keio_line,35.6542304,139.5669844,152
shape_keio_line,35.6544024,139.5673584,153
shape_keio_line,35.6544183,139.5673922,154
shape_keio_line,35.6550751,139.5688236,155
shape_keio_line,35.6557246,139.5702070,156
shape_keio_line,35.6557803,139.5703305,157
shape_keio_line,35.6564482,139.5717458,158
shape_keio_line,35.6565552,139.5719809,159
shape_keio_line,35.6569296,139.5727815,160
shape_keio_line,35.6571170,139.5731867,161
shape_keio_line,35.6574558,139.5739007,162
shape_keio_line,35.6575010,139.5740017,163
shape_keio_line,35.6581236,139.5753119,164
shape_keio_line,35.6586286,139.5763988,165
shape_keio_line,35.6586388,139.5764193,166
shape_keio_line,35.6586528,139.5764475,167
shape_keio_line,35.6589004,139.5769700,168
shape_keio_line,35.6597133,139.5786855,169
shape_keio_line,35.6607883,139.5809843,170
shape_keio_line,35.6614218,139.5823714,171
shape_keio_line,35.6618095,139.5833739,172
shape_keio_line,35.6618999,139.5836313,173
shape_keio_line,35.6621910,139.5844412,174
shape_keio_line,35.6623868,139.5849662,175
shape_keio_line,35.6629606,139.5866169,176
shape_keio_line,35.6633929,139.5878547,177
shape_keio_line,35.6636397,139.5885355,178
shape_keio_line,35.6636884,139.5886698,179
shape_keio_line,35.6639418,139.5893688,180
shape_keio_line,35.6640472,139.5896428,181
shape_keio_line,35.6642927,139.5903367,182
shape_keio_line,35.6646186,139.5912731,183
shape_keio_line,35.6655030,139.5937560,184
shape_keio_line,35.6655670,139.5939383,185
shape_keio_line,35.6659096,139.5948741,186
shape_keio_line,35.6665362,139.5966663,187
shape_keio_line,35.6671250,139.5983302,188
shape_keio_line,35.6677748,139.6001346,189
shape_keio_line,35.6680309,139.6008688,190
shape_keio_line,35.6682297,139.6014316,191
shape_keio_line,35.6682463,139.6014754,192
shape_keio_line,35.6685482,139.6023099,193
shape_keio_line,35.6688627,139.6031764,194
shape_keio_line,35.6690915,139.6038322,195
shape_keio_line,35.6696713,139.6054566,196
shape_keio_line,35.6703867,139.6075096,197
shape_keio_line,35.6705040,139.6079472,198
shape_keio_line,35.6705910,139.6083369,199
shape_keio_line,35.6706387,139.6086312,200
shape_keio_line,35.6706647,139.6088359,201
shape_keio_line,35.6706954,139.6090816,202
shape_keio_line,35.6707223,139.6093547,203
shape_keio_line,35.6707401,139.6098433,204
shape_keio_line,35.6707253,139.6103224,205
shape_keio_line,35.6707007,139.6106068,206
shape_keio_line,35.6706943,139.6106889,207
shape_keio_line,35.6706083,139.6113373,208
shape_keio_line,35.6703726,139.6130063,209
shape_keio_line,35.6703557,139.6131376,210
shape_keio_line,35.6702463,139.6138302,211
shape_keio_line,35.6700971,139.6148488,212
shape_keio_line,35.6696707,139.6178032,213
shape_keio_line,35.6696313,139.6180971,214
shape_keio_line,35.6695586,139.6185866,215
shape_keio_line,35.6691951,139.6210336,216
shape_keio_line,35.6690806,139.6219501,217
shape_keio_line,35.6690057,139.6226609,218
shape_keio_line,35.6689118,139.6233168,219
shape_keio_line,35.6688494,139.6237525,220
shape_keio_line,35.6686236,139.6249095,221
shape_keio_line,35.6683150,139.6270388,222
shape_keio_line,35.6679855,139.6292280,223
shape_keio_line,35.6679504,139.6294611,224
shape_keio_line,35.6677209,139.6309987,225
shape_keio_line,35.6675710,139.6320345,226
shape_keio_line,35.6674982,139.6325089,227
shape_keio_line,35.6674123,139.6330812,228
shape_keio_line,35.6673981,139.6331766,229
shape_keio_line,35.6673373,139.6335842,230
shape_keio_line,35.6673191,139.6337075,231
shape_keio_line,35.6669994,139.6358918,232
shape_keio_line,35.6668278,139.6370307,233
shape_keio_line,35.6666909,139.6379993,234
shape_keio_line,35.6665211,139.6391508,235
shape_keio_line,35.6662606,139.6408892,236
shape_keio_line,35.6661920,139.6413336,237
shape_keio_line,35.6661470,139.6416547,238
shape_keio_line,35.6661198,139.6419216,239
shape_keio_line,35.6661073,139.6421270,240
shape_keio_line,35.6661060,139.6423403,241
shape_keio_line,35.6661185,139.6426013,242
shape_keio_line,35.6661394,139.6428065,243
shape_keio_line,35.6661559,139.6429293,244
shape_keio_line,35.6661772,139.6430424,245
shape_keio_line,35.6662275,139.6432596,246
shape_keio_line,35.6662801,139.6434522,247
shape_keio_line,35.6663243,139.6436023,248
shape_keio_line,35.6667525,139.6450412,249
shape_keio_line,35.6669235,139.6456260,250
shape_keio_line,35.6675210,139.6476585,251
shape_keio_line,35.6679506,139.6491229,252
shape_keio_line,35.6683379,139.6504512,253
shape_keio_line,35.6686070,139.6513560,254
shape_keio_line,35.6686424,139.6514729,255
shape_keio_line,35.6688968,139.6523346,256
shape_keio_line,35.6693650,139.6539826,257
shape_keio_line,35.6696520,139.6549258,258
shape_keio_line,35.6699639,139.6560232,259
shape_keio_line,35.6701606,139.6566421,260
shape_keio_line,35.6705561,139.6577914,261
shape_keio_line,35.6708341,139.6585920,262
shape_keio_line,35.6708652,139.6586869,263
shape_keio_line,35.6711095,139.6594067,264
shape_keio_line,35.6712125,139.6597188,265
shape_keio_line,35.6713676,139.6601679,266
shape_keio_line,35.6715922,139.6608261,267
shape_keio_line,35.6717312,139.6612432,268
shape_keio_line,35.6720534,139.6621975,269
shape_keio_line,35.6720730,139.6622609,270
shape_keio_line,35.6721227,139.6624219,271
shape_keio_line,35.6722168,139.6626976,272
shape_keio_line,35.6722628,139.6628241,273
shape_keio_line,35.6726761,139.6640827,274
shape_keio_line,35.6730043,139.6650159,275
shape_keio_line,35.6730815,139.6652459,276
shape_keio_line,35.6732146,139.6657132,277
shape_keio_line,35.6733265,139.6661515,278
shape_keio_line,35.6736478,139.6670913,279
shape_keio_line,35.6741984,139.6686854,280
shape_keio_line,35.6744648,139.6695090,281
shape_keio_line,35.6748985,139.6707696,282
shape_keio_line,35.6750345,139.6711842,283
shape_keio_line,35.6757644,139.6734038,284
shape_keio_line,35.6759858,139.6740747,285
shape_keio_line,35.6762437,139.6747369,286
shape_keio_line,35.6763444,139.6749413,287
shape_keio_line,35.6767483,139.6756952,288
shape_keio_line,35.6770640,139.6763449,289
shape_keio_line,35.6771167,139.6764718,290
shape_keio_line,35.6772342,139.6767665,291
shape_keio_line,35.6781025,139.6796405,292
shape_keio_line,35.6782464,139.6800268,293
shape_keio_line,35.6786629,139.6810173,294
shape_keio_line,35.6793793,139.6826625,295
shape_keio_line,35.6797706,139.6836704,296
shape_keio_line,35.6800374,139.6843673,297
shape_keio_line,35.6800998,139.6845075,298
shape_keio_line,35.6805465,139.6853954,299
shape_keio_line,35.6814460,139.6868610,300
shape_keio_line,35.6827208,139.6889117,301
shape_keio_line,35.6836293,139.6901670,302
shape_keio_line,35.6844898,139.6914920,303
shape_keio_line,35.6850432,139.6922752,304
shape_keio_line,35.6854396,139.6928167,305
shape_keio_line,35.6850432,139.6922752,306
shape_keio_line,35.6844898,139.6914920,307
shape_keio_line,35.6836293,139.6901670,308
shape_keio_line,35.6827208,139.6889117,309
shape_keio_line,35.6814460,139.6868610,310
shape_keio_line,35.6805465,139.6853954,311
shape_keio_line,35.6800998,139.6845075,312
